1.288488626480102539e+00 4.554338753223419189e-01 0.000000000000000000e+00 1.762273311614990234e+00 7.116736769676208496e-01 0.000000000000000000e+00
1.759529829025268555e+00 1.328626871109008789e+00 0.000000000000000000e+00 3.301100730895996094e-01 2.304654121398925781e-01 0.000000000000000000e+00
9.706133604049682617e-01 4.623629152774810791e-01 0.000000000000000000e+00 1.750304818153381348e+00 7.334004044532775879e-01 0.000000000000000000e+00
1.829709291458129883e+00 5.525531768798828125e-01 0.000000000000000000e+00 5.396984219551086426e-01 7.832040190696716309e-01 0.000000000000000000e+00
3.648659586906433105e-01 7.998576164245605469e-01 0.000000000000000000e+00 1.409312009811401367e+00 1.937713980674743652e+00 0.000000000000000000e+00
1.390979051589965820e+00 5.202917456626892090e-01 0.000000000000000000e+00 1.535905361175537109e+00 8.038557767868041992e-01 0.000000000000000000e+00
1.182977676391601562e+00 1.487913846969604492e+00 0.000000000000000000e+00 1.025795936584472656e-01 5.989500284194946289e-01 0.000000000000000000e+00
1.563966631889343262e+00 1.213803768157958984e+00 0.000000000000000000e+00 3.208814263343811035e-01 5.650328993797302246e-01 0.000000000000000000e+00
1.138955950736999512e+00 5.128954052925109863e-01 0.000000000000000000e+00 1.198440566658973694e-01 1.515683293342590332e+00 0.000000000000000000e+00
1.358420252799987793e+00 5.122163295745849609e-01 0.000000000000000000e+00 1.518229007720947266e+00 6.914637684822082520e-01 0.000000000000000000e+00
1.404683351516723633e+00 4.812819957733154297e-01 0.000000000000000000e+00 1.448733448982238770e+00 7.512952089309692383e-01 0.000000000000000000e+00
7.633896470069885254e-01 1.122064981609582901e-02 0.000000000000000000e+00 1.370603680610656738e+00 8.566380739212036133e-01 0.000000000000000000e+00
1.628201127052307129e+00 8.529423475265502930e-01 0.000000000000000000e+00 7.382820248603820801e-01 6.693734526634216309e-01 0.000000000000000000e+00
0.000000000000000000e+00 6.336360573768615723e-01 0.000000000000000000e+00 1.343114852905273438e+00 1.643197298049926758e+00 0.000000000000000000e+00
8.970115780830383301e-01 1.408726096153259277e+00 0.000000000000000000e+00 1.593648791313171387e+00 6.197922825813293457e-01 0.000000000000000000e+00
1.420626044273376465e+00 6.112392544746398926e-01 0.000000000000000000e+00 1.477530002593994141e+00 7.962155938148498535e-01 0.000000000000000000e+00
6.620384454727172852e-01 1.185638546943664551e+00 0.000000000000000000e+00 1.409911084920167923e-02 3.535334765911102295e-01 0.000000000000000000e+00
2.123787254095077515e-02 9.950180053710937500e-01 0.000000000000000000e+00 1.498420953750610352e+00 7.746251225471496582e-01 0.000000000000000000e+00
1.428038835525512695e+00 3.739509880542755127e-01 0.000000000000000000e+00 1.100769400596618652e+00 9.585565924644470215e-01 0.000000000000000000e+00
1.170735478401184082e+00 6.404410600662231445e-01 0.000000000000000000e+00 1.071192145347595215e+00 1.083930730819702148e+00 0.000000000000000000e+00
1.297648429870605469e+00 5.195398330688476562e-01 0.000000000000000000e+00 1.466832756996154785e+00 6.537014842033386230e-01 0.000000000000000000e+00
2.567517459392547607e-01 1.696641087532043457e+00 0.000000000000000000e+00 3.255161046981811523e-01 1.173076629638671875e+00 0.000000000000000000e+00
1.148798987269401550e-01 1.246654629707336426e+00 0.000000000000000000e+00 1.475480437278747559e+00 8.316962718963623047e-01 0.000000000000000000e+00
1.081648588180541992e+00 3.172604739665985107e-01 0.000000000000000000e+00 1.603527784347534180e+00 5.079700350761413574e-01 0.000000000000000000e+00
1.123752593994140625e+00 1.319739103317260742e+00 0.000000000000000000e+00 1.648554503917694092e-01 6.292611956596374512e-01 0.000000000000000000e+00
1.516757369041442871e+00 9.619901776313781738e-01 0.000000000000000000e+00 1.828028410673141479e-01 2.970014810562133789e-01 0.000000000000000000e+00
1.403888225555419922e+00 1.116714358329772949e+00 0.000000000000000000e+00 1.554118037223815918e+00 4.948531389236450195e-01 0.000000000000000000e+00
1.506536841392517090e+00 3.007997870445251465e-01 0.000000000000000000e+00 4.249897599220275879e-01 3.112850189208984375e-01 0.000000000000000000e+00
7.845960557460784912e-02 6.157228350639343262e-01 0.000000000000000000e+00 0.000000000000000000e+00 8.862884640693664551e-01 0.000000000000000000e+00
5.629872158169746399e-02 1.049039721488952637e+00 0.000000000000000000e+00 1.590488195419311523e+00 1.121092200279235840e+00 0.000000000000000000e+00
9.047504663467407227e-01 1.191045880317687988e+00 0.000000000000000000e+00 0.000000000000000000e+00 3.130290806293487549e-01 0.000000000000000000e+00
1.658196747303009033e-01 1.321921944618225098e+00 0.000000000000000000e+00 1.748684644699096680e+00 5.953262448310852051e-01 0.000000000000000000e+00
2.092623710632324219e-01 1.445431470870971680e+00 0.000000000000000000e+00 3.009703755378723145e-01 9.279936552047729492e-01 0.000000000000000000e+00
2.382749225944280624e-03 9.053015112876892090e-01 0.000000000000000000e+00 1.469531297683715820e+00 7.233375906944274902e-01 0.000000000000000000e+00
2.109891474246978760e-01 1.455823302268981934e+00 0.000000000000000000e+00 1.705545783042907715e+00 9.698141813278198242e-01 0.000000000000000000e+00
2.036622524261474609e+00 8.305176496505737305e-01 0.000000000000000000e+00 4.574350416660308838e-01 1.632152199745178223e-01 0.000000000000000000e+00
1.928683042526245117e+00 6.462070941925048828e-01 0.000000000000000000e+00 5.785400047898292542e-02 1.631485819816589355e+00 0.000000000000000000e+00
1.161319613456726074e+00 1.200536251068115234e+00 0.000000000000000000e+00 8.746366947889328003e-02 2.951007485389709473e-01 0.000000000000000000e+00
1.458540201187133789e+00 1.247699499130249023e+00 0.000000000000000000e+00 1.576021671295166016e+00 5.966894030570983887e-01 0.000000000000000000e+00
1.991891503334045410e+00 4.932224750518798828e-01 0.000000000000000000e+00 5.245316624641418457e-01 1.127661347389221191e+00 0.000000000000000000e+00
9.846195578575134277e-01 1.610355734825134277e+00 0.000000000000000000e+00 1.695774793624877930e+00 4.416497647762298584e-01 0.000000000000000000e+00
1.703670740127563477e+00 6.501788496971130371e-01 0.000000000000000000e+00 6.346483230590820312e-01 6.039345264434814453e-01 0.000000000000000000e+00
1.352320611476898193e-01 9.048076868057250977e-01 0.000000000000000000e+00 2.092408016324043274e-02 9.264025688171386719e-01 0.000000000000000000e+00
1.522155642509460449e+00 5.166299939155578613e-01 0.000000000000000000e+00 5.950404405593872070e-01 9.804723858833312988e-01 0.000000000000000000e+00
1.418647050857543945e+00 5.044398903846740723e-01 0.000000000000000000e+00 1.462193965911865234e+00 6.764216423034667969e-01 0.000000000000000000e+00
0.000000000000000000e+00 7.352663874626159668e-01 0.000000000000000000e+00 1.491012692451477051e+00 8.646138906478881836e-01 0.000000000000000000e+00
1.376389026641845703e+00 3.723454475402832031e-01 0.000000000000000000e+00 1.503728508949279785e+00 6.779726743698120117e-01 0.000000000000000000e+00
1.164574772119522095e-01 1.428098082542419434e+00 0.000000000000000000e+00 5.240794420242309570e-01 4.811357259750366211e-01 0.000000000000000000e+00
9.538005590438842773e-01 1.706101179122924805e+00 0.000000000000000000e+00 4.350969195365905762e-02 8.895227909088134766e-01 0.000000000000000000e+00
2.394737452268600464e-01 1.799627900123596191e+00 0.000000000000000000e+00 4.883901178836822510e-01 3.568960726261138916e-01 0.000000000000000000e+00
3.230222761631011963e-01 1.347566962242126465e+00 0.000000000000000000e+00 1.919598102569580078e+00 4.450674653053283691e-01 0.000000000000000000e+00
1.952406764030456543e+00 1.165245056152343750e+00 0.000000000000000000e+00 3.312034010887145996e-01 2.151406109333038330e-01 0.000000000000000000e+00
1.318849802017211914e+00 4.773353934288024902e-01 0.000000000000000000e+00 1.411401033401489258e+00 8.014889955520629883e-01 0.000000000000000000e+00
1.323855638504028320e+00 7.084251046180725098e-01 0.000000000000000000e+00 1.399862647056579590e+00 5.548710227012634277e-01 0.000000000000000000e+00
1.507022619247436523e+00 3.614898025989532471e-01 0.000000000000000000e+00 4.336281120777130127e-01 1.148693919181823730e+00 0.000000000000000000e+00
1.568354606628417969e+00 1.265021562576293945e+00 0.000000000000000000e+00 2.201112061738967896e-01 2.443127036094665527e-01 0.000000000000000000e+00
1.233197450637817383e+00 3.395621478557586670e-01 0.000000000000000000e+00 1.642148256301879883e+00 5.934100747108459473e-01 0.000000000000000000e+00
1.359377503395080566e+00 5.808735489845275879e-01 0.000000000000000000e+00 1.643313407897949219e+00 8.070232868194580078e-01 0.000000000000000000e+00
2.734955959022045135e-02 1.029080510139465332e+00 0.000000000000000000e+00 1.367111325263977051e+00 1.063046574592590332e+00 0.000000000000000000e+00
1.447656869888305664e+00 3.358831405639648438e-01 0.000000000000000000e+00 1.187515258789062500e+00 9.588341712951660156e-01 0.000000000000000000e+00
1.493679881095886230e+00 1.207260727882385254e+00 0.000000000000000000e+00 2.574250400066375732e-01 5.466785430908203125e-01 0.000000000000000000e+00
1.432843089103698730e+00 6.800493597984313965e-01 0.000000000000000000e+00 1.452602863311767578e+00 6.602459549903869629e-01 0.000000000000000000e+00
1.614345908164978027e+00 1.003811955451965332e+00 0.000000000000000000e+00 1.883537322282791138e-01 2.707766890525817871e-01 0.000000000000000000e+00
1.131574138998985291e-01 1.140682816505432129e+00 0.000000000000000000e+00 1.353251814842224121e+00 7.469347715377807617e-01 0.000000000000000000e+00
1.407323837280273438e+00 6.913216710090637207e-01 0.000000000000000000e+00 1.472449541091918945e+00 8.527277708053588867e-01 0.000000000000000000e+00
1.612130522727966309e+00 6.709760427474975586e-01 0.000000000000000000e+00 6.440888047218322754e-01 8.094106912612915039e-01 0.000000000000000000e+00
1.125100016593933105e+00 1.433318138122558594e+00 0.000000000000000000e+00 2.844946384429931641e-01 1.100509911775588989e-01 0.000000000000000000e+00
1.489072144031524658e-01 1.367099642753601074e+00 0.000000000000000000e+00 3.951336443424224854e-01 1.961037218570709229e-01 0.000000000000000000e+00
1.454836726188659668e+00 1.011216998100280762e+00 0.000000000000000000e+00 2.728431224822998047e-01 3.491280972957611084e-01 0.000000000000000000e+00
0.000000000000000000e+00 1.016559839248657227e+00 0.000000000000000000e+00 1.499861478805541992e+00 8.932701945304870605e-01 0.000000000000000000e+00
1.284955024719238281e+00 1.289101958274841309e+00 0.000000000000000000e+00 1.058695688843727112e-01 2.919580638408660889e-01 0.000000000000000000e+00
8.549208045005798340e-01 1.284695148468017578e+00 0.000000000000000000e+00 1.411267876625061035e+00 4.000697731971740723e-01 0.000000000000000000e+00
1.326115727424621582e+00 4.899679720401763916e-01 0.000000000000000000e+00 1.384455084800720215e+00 6.390247344970703125e-01 0.000000000000000000e+00
1.520715355873107910e+00 2.825644314289093018e-01 0.000000000000000000e+00 1.497268080711364746e+00 7.627118229866027832e-01 0.000000000000000000e+00
2.751108705997467041e-01 1.252406120300292969e+00 0.000000000000000000e+00 1.806761145591735840e+00 6.863776445388793945e-01 0.000000000000000000e+00
1.659400224685668945e+00 1.280289173126220703e+00 0.000000000000000000e+00 2.604310810565948486e-01 3.015913367271423340e-01 0.000000000000000000e+00
1.335740327835083008e+00 2.459634840488433838e-01 0.000000000000000000e+00 3.005138039588928223e-01 4.625047445297241211e-01 0.000000000000000000e+00
1.307261586189270020e+00 6.270370483398437500e-01 0.000000000000000000e+00 1.540549397468566895e+00 6.148673892021179199e-01 0.000000000000000000e+00
0.000000000000000000e+00 8.526659607887268066e-01 0.000000000000000000e+00 3.291952610015869141e-02 8.425137400627136230e-01 0.000000000000000000e+00
1.343043804168701172e+00 1.183202385902404785e+00 0.000000000000000000e+00 2.057987153530120850e-01 2.286014109849929810e-01 0.000000000000000000e+00
0.000000000000000000e+00 4.756085872650146484e-01 0.000000000000000000e+00 1.292680621147155762e+00 1.366072177886962891e+00 0.000000000000000000e+00
2.430904507637023926e-01 1.850732445716857910e+00 0.000000000000000000e+00 4.013336896896362305e-01 4.227510392665863037e-01 0.000000000000000000e+00
5.068755149841308594e-01 6.746330261230468750e-01 0.000000000000000000e+00 1.146274805068969727e+00 1.649019360542297363e+00 0.000000000000000000e+00
1.875419139862060547e+00 5.414436459541320801e-01 0.000000000000000000e+00 6.212036013603210449e-01 9.658719897270202637e-01 0.000000000000000000e+00
1.506536841392517090e+00 3.007997870445251465e-01 0.000000000000000000e+00 4.249897599220275879e-01 3.112850189208984375e-01 0.000000000000000000e+00
1.407977104187011719e+00 3.288607001304626465e-01 0.000000000000000000e+00 1.330360174179077148e+00 7.928708791732788086e-01 0.000000000000000000e+00
1.380872249603271484e+00 1.271720170974731445e+00 0.000000000000000000e+00 1.520674228668212891e-01 6.471254825592041016e-01 0.000000000000000000e+00
1.393176168203353882e-01 1.117380976676940918e+00 0.000000000000000000e+00 1.488104820251464844e+00 1.410769820213317871e+00 0.000000000000000000e+00
7.871498167514801025e-02 1.164799928665161133e+00 0.000000000000000000e+00 1.495725274085998535e+00 9.851084947586059570e-01 0.000000000000000000e+00
1.464704871177673340e-01 1.153782963752746582e+00 0.000000000000000000e+00 1.477998614311218262e+00 7.800903320312500000e-01 0.000000000000000000e+00
7.254663109779357910e-02 1.195209264755249023e+00 0.000000000000000000e+00 1.878563404083251953e+00 8.188880085945129395e-01 0.000000000000000000e+00
2.097233384847640991e-01 1.322784423828125000e+00 0.000000000000000000e+00 3.621361255645751953e-01 3.278586268424987793e-01 0.000000000000000000e+00
8.579679727554321289e-01 9.600063562393188477e-01 0.000000000000000000e+00 4.615371227264404297e-01 1.371030211448669434e+00 0.000000000000000000e+00
2.653188109397888184e-01 1.675068855285644531e+00 0.000000000000000000e+00 4.516254067420959473e-01 7.654605805873870850e-02 0.000000000000000000e+00
1.393907308578491211e+00 1.091292023658752441e+00 0.000000000000000000e+00 2.378562837839126587e-01 2.972601056098937988e-01 0.000000000000000000e+00
0.000000000000000000e+00 3.599585294723510742e-01 0.000000000000000000e+00 1.161930084228515625e+00 1.355999469757080078e+00 0.000000000000000000e+00
6.664612889289855957e-01 1.176201701164245605e+00 0.000000000000000000e+00 0.000000000000000000e+00 3.646938502788543701e-01 0.000000000000000000e+00
1.246750116348266602e+00 1.583679676055908203e+00 0.000000000000000000e+00 3.872878253459930420e-01 2.141250222921371460e-01 0.000000000000000000e+00
1.468389868736267090e+00 6.797932982444763184e-01 0.000000000000000000e+00 1.423667430877685547e+00 8.395671248435974121e-01 0.000000000000000000e+00
1.368928313255310059e+00 1.268297314643859863e+00 0.000000000000000000e+00 1.792091578245162964e-01 2.544058263301849365e-01 0.000000000000000000e+00
1.875042319297790527e+00 3.530844449996948242e-01 0.000000000000000000e+00 5.321822762489318848e-01 1.050715684890747070e+00 0.000000000000000000e+00
1.498043179512023926e+00 2.273511439561843872e-01 0.000000000000000000e+00 1.482023596763610840e+00 8.289920091629028320e-01 0.000000000000000000e+00
1.355373144149780273e+00 3.836700916290283203e-01 0.000000000000000000e+00 1.511911511421203613e+00 7.200537919998168945e-01 0.000000000000000000e+00
8.910642862319946289e-01 1.451043605804443359e+00 0.000000000000000000e+00 1.595102548599243164e+00 4.242337346076965332e-01 0.000000000000000000e+00
2.346887826919555664e+00 5.361912846565246582e-01 0.000000000000000000e+00 7.721504569053649902e-02 1.812156796455383301e+00 0.000000000000000000e+00
1.079349517822265625e+00 1.411367058753967285e+00 0.000000000000000000e+00 1.276063024997711182e-01 3.172904551029205322e-01 0.000000000000000000e+00
1.710681915283203125e-01 1.567064642906188965e+00 0.000000000000000000e+00 3.660584986209869385e-01 3.460562229156494141e-01 0.000000000000000000e+00
1.702814221382141113e+00 4.454264938831329346e-01 0.000000000000000000e+00 5.542495250701904297e-01 1.145609378814697266e+00 0.000000000000000000e+00
3.225750029087066650e-01 1.909907937049865723e+00 0.000000000000000000e+00 5.453408956527709961e-01 3.075344860553741455e-01 0.000000000000000000e+00
1.071950674057006836e+00 2.536204457283020020e-01 0.000000000000000000e+00 2.614344656467437744e-01 4.736118316650390625e-01 0.000000000000000000e+00
0.000000000000000000e+00 9.239149689674377441e-01 0.000000000000000000e+00 1.559308409690856934e+00 1.092956423759460449e+00 0.000000000000000000e+00
1.352320611476898193e-01 9.048076868057250977e-01 0.000000000000000000e+00 2.092408016324043274e-02 9.264025688171386719e-01 0.000000000000000000e+00
9.425904154777526855e-01 1.007857561111450195e+00 0.000000000000000000e+00 1.615210436284542084e-02 3.672757446765899658e-01 0.000000000000000000e+00
7.894552946090698242e-01 2.136480808258056641e-01 0.000000000000000000e+00 1.372920870780944824e+00 8.299003839492797852e-01 0.000000000000000000e+00
9.105147719383239746e-01 1.422477245330810547e+00 0.000000000000000000e+00 1.533245801925659180e+00 6.401641964912414551e-01 0.000000000000000000e+00
1.098685264587402344e+00 1.353001594543457031e+00 0.000000000000000000e+00 1.297603994607925415e-01 7.275763154029846191e-01 0.000000000000000000e+00
1.327700853347778320e+00 4.992169439792633057e-01 0.000000000000000000e+00 1.360136628150939941e+00 8.063370585441589355e-01 0.000000000000000000e+00
1.350981354713439941e+00 2.235434055328369141e-01 0.000000000000000000e+00 1.135527133941650391e+00 9.185575842857360840e-01 0.000000000000000000e+00
8.982389569282531738e-01 1.274423003196716309e+00 0.000000000000000000e+00 1.680899381637573242e+00 1.042146012187004089e-01 0.000000000000000000e+00
0.000000000000000000e+00 1.285764932632446289e+00 0.000000000000000000e+00 2.650135755538940430e-01 6.251038312911987305e-01 0.000000000000000000e+00
6.009073257446289062e-01 1.103725671768188477e+00 0.000000000000000000e+00 0.000000000000000000e+00 4.924360811710357666e-01 0.000000000000000000e+00
8.861727118492126465e-01 4.169190227985382080e-01 0.000000000000000000e+00 1.684298276901245117e+00 6.625440120697021484e-01 0.000000000000000000e+00
3.277961313724517822e-01 1.132549285888671875e+00 0.000000000000000000e+00 1.473413228988647461e+00 1.696484327316284180e+00 0.000000000000000000e+00
1.401760816574096680e+00 6.352193951606750488e-01 0.000000000000000000e+00 1.215399265289306641e+00 6.598588228225708008e-01 0.000000000000000000e+00
8.526865392923355103e-02 1.086622357368469238e+00 0.000000000000000000e+00 1.566478371620178223e+00 1.030313253402709961e+00 0.000000000000000000e+00
1.439744472503662109e+00 1.010470747947692871e+00 0.000000000000000000e+00 1.417605727910995483e-01 2.709814310073852539e-01 0.000000000000000000e+00
7.785283327102661133e-01 9.281336516141891479e-02 0.000000000000000000e+00 1.543378114700317383e+00 1.106578588485717773e+00 0.000000000000000000e+00
8.589840531349182129e-01 1.123275756835937500e+00 0.000000000000000000e+00 0.000000000000000000e+00 5.709781050682067871e-01 0.000000000000000000e+00
6.202493235468864441e-02 1.010053873062133789e+00 0.000000000000000000e+00 1.756590604782104492e+00 7.755138278007507324e-01 0.000000000000000000e+00
1.489072144031524658e-01 1.367099642753601074e+00 0.000000000000000000e+00 3.951336443424224854e-01 1.961037218570709229e-01 0.000000000000000000e+00
1.343523383140563965e+00 4.273181557655334473e-01 0.000000000000000000e+00 1.459587097167968750e+00 7.463731765747070312e-01 0.000000000000000000e+00
1.152637839317321777e+00 3.711846470832824707e-01 0.000000000000000000e+00 1.584945201873779297e+00 5.027742981910705566e-01 0.000000000000000000e+00
1.878860473632812500e+00 5.858901739120483398e-01 0.000000000000000000e+00 1.948774605989456177e-01 1.520788311958312988e+00 0.000000000000000000e+00
1.510871529579162598e+00 1.074554324150085449e+00 0.000000000000000000e+00 3.134137988090515137e-01 3.351919054985046387e-01 0.000000000000000000e+00
8.259404301643371582e-01 1.197524309158325195e+00 0.000000000000000000e+00 4.157628118991851807e-01 1.491500973701477051e+00 0.000000000000000000e+00
1.504109740257263184e+00 5.000182390213012695e-01 0.000000000000000000e+00 7.117906808853149414e-01 8.841543197631835938e-01 0.000000000000000000e+00
1.437243580818176270e+00 3.366286158561706543e-01 0.000000000000000000e+00 1.509984254837036133e+00 9.226872324943542480e-01 0.000000000000000000e+00
1.917892336845397949e+00 1.262148261070251465e+00 0.000000000000000000e+00 2.055861055850982666e-01 7.580655813217163086e-01 0.000000000000000000e+00
9.738730788230895996e-01 1.437012076377868652e+00 0.000000000000000000e+00 1.745944023132324219e+00 1.710552573204040527e-01 0.000000000000000000e+00
1.737014770507812500e+00 7.076976299285888672e-01 0.000000000000000000e+00 4.850433468818664551e-01 1.108909368515014648e+00 0.000000000000000000e+00
1.372617006301879883e+00 6.651759743690490723e-01 0.000000000000000000e+00 1.124591231346130371e+00 5.478998422622680664e-01 0.000000000000000000e+00
4.932288080453872681e-02 1.098299741744995117e+00 0.000000000000000000e+00 1.576321125030517578e+00 1.034801244735717773e+00 0.000000000000000000e+00
1.127479553222656250e+00 1.811185240745544434e+00 0.000000000000000000e+00 3.004334270954132080e-01 2.590176463127136230e-01 0.000000000000000000e+00
1.626953631639480591e-01 1.557712793350219727e+00 0.000000000000000000e+00 5.089969635009765625e-01 2.715743482112884521e-01 0.000000000000000000e+00
1.438671588897705078e+00 3.799003362655639648e-01 0.000000000000000000e+00 1.143326044082641602e+00 7.901083827018737793e-01 0.000000000000000000e+00
1.673822164535522461e+00 6.927500367164611816e-01 0.000000000000000000e+00 7.259632945060729980e-01 9.281391501426696777e-01 0.000000000000000000e+00
1.059847235679626465e+00 2.140568494796752930e-01 0.000000000000000000e+00 1.554149508476257324e+00 5.826508998870849609e-01 0.000000000000000000e+00
1.301820755004882812e+00 1.825683265924453735e-01 0.000000000000000000e+00 1.509719610214233398e+00 5.887352228164672852e-01 0.000000000000000000e+00
2.962769269943237305e-01 1.369659662246704102e+00 0.000000000000000000e+00 1.754215210676193237e-01 1.190539360046386719e+00 0.000000000000000000e+00
1.246663808822631836e+00 1.276486158370971680e+00 0.000000000000000000e+00 1.332728862762451172e-01 6.889617443084716797e-01 0.000000000000000000e+00
1.840842485427856445e+00 6.132455468177795410e-01 0.000000000000000000e+00 6.954502463340759277e-01 8.783836960792541504e-01 0.000000000000000000e+00
1.313214063644409180e+00 3.967941999435424805e-01 0.000000000000000000e+00 1.467083096504211426e+00 6.179839968681335449e-01 0.000000000000000000e+00
1.388789534568786621e+00 3.818771839141845703e-01 0.000000000000000000e+00 1.124463558197021484e+00 8.094254136085510254e-01 0.000000000000000000e+00
1.438792347908020020e+00 1.192659139633178711e+00 0.000000000000000000e+00 2.530654668807983398e-01 3.844467699527740479e-01 0.000000000000000000e+00
0.000000000000000000e+00 1.039072275161743164e+00 0.000000000000000000e+00 1.390260338783264160e+00 9.938365221023559570e-01 0.000000000000000000e+00
1.457927346229553223e+00 1.160691976547241211e+00 0.000000000000000000e+00 1.553631663322448730e+00 6.253691911697387695e-01 0.000000000000000000e+00
3.332037627696990967e-01 1.285574316978454590e+00 0.000000000000000000e+00 1.250129461288452148e+00 1.432390451431274414e+00 0.000000000000000000e+00
1.520715355873107910e+00 2.825644314289093018e-01 0.000000000000000000e+00 1.497268080711364746e+00 7.627118229866027832e-01 0.000000000000000000e+00
9.983769059181213379e-02 1.241677522659301758e+00 0.000000000000000000e+00 4.871065318584442139e-01 0.000000000000000000e+00 0.000000000000000000e+00
1.389526844024658203e+00 8.915485739707946777e-01 0.000000000000000000e+00 1.457749456167221069e-01 1.960384100675582886e-01 0.000000000000000000e+00
2.647798359394073486e-01 1.588892340660095215e+00 0.000000000000000000e+00 5.301300287246704102e-01 9.717110544443130493e-02 0.000000000000000000e+00
1.598272919654846191e+00 5.337174534797668457e-01 0.000000000000000000e+00 6.691781878471374512e-01 1.096476912498474121e+00 0.000000000000000000e+00
4.398857951164245605e-01 1.407435894012451172e+00 0.000000000000000000e+00 1.928627490997314453e+00 2.696056962013244629e-01 0.000000000000000000e+00
1.003376841545104980e+00 1.866561174392700195e+00 0.000000000000000000e+00 2.155589014291763306e-01 5.403019189834594727e-01 0.000000000000000000e+00
1.012622863054275513e-01 1.177064418792724609e+00 0.000000000000000000e+00 1.732909202575683594e+00 8.355228900909423828e-01 0.000000000000000000e+00
1.460222482681274414e+00 3.289135396480560303e-01 0.000000000000000000e+00 1.193057775497436523e+00 1.013471841812133789e+00 0.000000000000000000e+00
0.000000000000000000e+00 1.106758952140808105e+00 0.000000000000000000e+00 1.239866733551025391e+00 6.535281538963317871e-01 0.000000000000000000e+00
1.373999476432800293e+00 9.669961929321289062e-01 0.000000000000000000e+00 2.360946536064147949e-01 1.693291783332824707e+00 0.000000000000000000e+00
0.000000000000000000e+00 1.018275141716003418e+00 0.000000000000000000e+00 1.560616493225097656e+00 1.142691016197204590e+00 0.000000000000000000e+00
6.202493235468864441e-02 1.010053873062133789e+00 0.000000000000000000e+00 1.756590604782104492e+00 7.755138278007507324e-01 0.000000000000000000e+00
1.167021512985229492e+00 9.338024258613586426e-01 0.000000000000000000e+00 1.384565830230712891e+00 1.638195514678955078e+00 0.000000000000000000e+00
1.380556941032409668e+00 1.413392782211303711e+00 0.000000000000000000e+00 4.104407131671905518e-01 0.000000000000000000e+00 0.000000000000000000e+00
1.320047497749328613e+00 4.898632168769836426e-01 0.000000000000000000e+00 1.392102837562561035e+00 6.796144843101501465e-01 0.000000000000000000e+00
1.559877872467041016e+00 9.936356544494628906e-01 0.000000000000000000e+00 1.739303171634674072e-01 3.234121203422546387e-01 0.000000000000000000e+00
2.664133906364440918e-01 1.227211475372314453e+00 0.000000000000000000e+00 1.497706174850463867e+00 6.329531073570251465e-01 0.000000000000000000e+00
1.607042789459228516e+00 1.484642505645751953e+00 0.000000000000000000e+00 5.003347396850585938e-01 1.070840731263160706e-01 0.000000000000000000e+00
1.256507635116577148e+00 1.392042160034179688e+00 0.000000000000000000e+00 3.606078624725341797e-01 1.011007092893123627e-02 0.000000000000000000e+00
6.850667297840118408e-02 1.147096872329711914e+00 0.000000000000000000e+00 1.767973303794860840e+00 9.863578081130981445e-01 0.000000000000000000e+00
1.485522747039794922e+00 6.691398620605468750e-01 0.000000000000000000e+00 1.435823082923889160e+00 9.013682007789611816e-01 0.000000000000000000e+00
8.594004511833190918e-01 1.268808126449584961e+00 0.000000000000000000e+00 1.387439727783203125e+00 5.448164939880371094e-01 0.000000000000000000e+00
3.990506529808044434e-01 1.367895483970642090e+00 0.000000000000000000e+00 2.033645391464233398e+00 3.169324696063995361e-01 0.000000000000000000e+00
1.874511957168579102e+00 5.420492291450500488e-01 0.000000000000000000e+00 8.600966334342956543e-01 1.006112337112426758e+00 0.000000000000000000e+00
3.166168034076690674e-01 1.526923775672912598e+00 0.000000000000000000e+00 5.265429615974426270e-01 1.284226477146148682e-01 0.000000000000000000e+00
4.385959804058074951e-01 2.015929460525512695e+00 0.000000000000000000e+00 7.258415222167968750e-01 2.268491685390472412e-01 0.000000000000000000e+00
1.269173145294189453e+00 6.917161941528320312e-01 0.000000000000000000e+00 3.735231980681419373e-02 1.698919534683227539e+00 0.000000000000000000e+00
1.437632441520690918e+00 3.867557644844055176e-01 0.000000000000000000e+00 1.418887734413146973e+00 8.969670534133911133e-01 0.000000000000000000e+00
7.730989251285791397e-03 1.040706515312194824e+00 0.000000000000000000e+00 1.649662733078002930e+00 8.120388984680175781e-01 0.000000000000000000e+00
2.135312318801879883e+00 6.071360707283020020e-01 0.000000000000000000e+00 9.766234457492828369e-02 1.753198266029357910e+00 0.000000000000000000e+00
0.000000000000000000e+00 1.028248310089111328e+00 0.000000000000000000e+00 1.761069059371948242e+00 7.816135287284851074e-01 0.000000000000000000e+00
1.078351378440856934e+00 3.696368336677551270e-01 0.000000000000000000e+00 1.595260024070739746e+00 6.163335442543029785e-01 0.000000000000000000e+00
4.237329959869384766e-02 1.015644550323486328e+00 0.000000000000000000e+00 1.648329138755798340e+00 9.107092022895812988e-01 0.000000000000000000e+00
2.176083803176879883e+00 5.966314673423767090e-01 0.000000000000000000e+00 8.265182971954345703e-01 1.330640554428100586e+00 0.000000000000000000e+00
1.680952869355678558e-02 1.174582004547119141e+00 0.000000000000000000e+00 1.219051122665405273e+00 6.429827213287353516e-01 0.000000000000000000e+00
1.364879488945007324e+00 6.502309441566467285e-01 0.000000000000000000e+00 1.055697441101074219e+00 5.736991763114929199e-01 0.000000000000000000e+00
1.343942046165466309e+00 6.194372177124023438e-01 0.000000000000000000e+00 1.329677820205688477e+00 8.552727103233337402e-01 0.000000000000000000e+00
8.628991246223449707e-02 9.373298287391662598e-01 0.000000000000000000e+00 5.700058862566947937e-02 7.872189283370971680e-01 0.000000000000000000e+00
8.050946593284606934e-01 1.037939429283142090e+00 0.000000000000000000e+00 1.088276028633117676e+00 5.951403379440307617e-01 0.000000000000000000e+00
1.136890172958374023e+00 1.359336853027343750e+00 0.000000000000000000e+00 3.278331458568572998e-01 1.572657823562622070e-01 0.000000000000000000e+00
2.993411123752593994e-01 2.067785024642944336e+00 0.000000000000000000e+00 4.159731864929199219e-01 1.151297807693481445e+00 0.000000000000000000e+00
1.379078269004821777e+00 1.524827122688293457e+00 0.000000000000000000e+00 4.854401350021362305e-01 2.923977375030517578e-01 0.000000000000000000e+00
1.546968460083007812e+00 1.029822468757629395e+00 0.000000000000000000e+00 1.591465473175048828e-01 3.177441656589508057e-01 0.000000000000000000e+00
1.194509983062744141e+00 4.881625249981880188e-02 0.000000000000000000e+00 1.517610430717468262e+00 5.840204954147338867e-01 0.000000000000000000e+00
1.643271684646606445e+00 6.170853972434997559e-01 0.000000000000000000e+00 8.647920936346054077e-02 1.385329961776733398e+00 0.000000000000000000e+00
1.256901502609252930e+00 1.478277325630187988e+00 0.000000000000000000e+00 1.509416699409484863e-01 6.758707165718078613e-01 0.000000000000000000e+00
1.159398555755615234e+00 5.662752985954284668e-01 0.000000000000000000e+00 1.370124936103820801e+00 7.887354493141174316e-01 0.000000000000000000e+00
8.259404301643371582e-01 1.197524309158325195e+00 0.000000000000000000e+00 4.157628118991851807e-01 1.491500973701477051e+00 0.000000000000000000e+00
1.411290407180786133e+00 1.359017968177795410e+00 0.000000000000000000e+00 4.348348975181579590e-01 0.000000000000000000e+00 0.000000000000000000e+00
1.710964918136596680e+00 1.052988886833190918e+00 0.000000000000000000e+00 3.869135081768035889e-01 4.701072275638580322e-01 0.000000000000000000e+00
9.025855660438537598e-01 0.000000000000000000e+00 0.000000000000000000e+00 1.334541440010070801e+00 7.655378580093383789e-01 0.000000000000000000e+00
1.390150636434555054e-01 1.750027060508728027e+00 0.000000000000000000e+00 3.596394062042236328e-01 4.157623350620269775e-01 0.000000000000000000e+00
1.258373379707336426e+00 8.699963688850402832e-01 0.000000000000000000e+00 1.436954855918884277e+00 7.015429735183715820e-01 0.000000000000000000e+00
9.143542647361755371e-01 3.078852593898773193e-01 0.000000000000000000e+00 1.653754353523254395e+00 7.798389196395874023e-01 0.000000000000000000e+00
1.568354606628417969e+00 1.265021562576293945e+00 0.000000000000000000e+00 2.201112061738967896e-01 2.443127036094665527e-01 0.000000000000000000e+00
0.000000000000000000e+00 8.938478231430053711e-01 0.000000000000000000e+00 1.704596281051635742e+00 8.758246302604675293e-01 0.000000000000000000e+00
1.309645652770996094e+00 1.201202988624572754e+00 0.000000000000000000e+00 1.347698122262954712e-01 4.502879977226257324e-01 0.000000000000000000e+00
1.406464695930480957e+00 1.024335503578186035e+00 0.000000000000000000e+00 1.931213885545730591e-01 3.132603466510772705e-01 0.000000000000000000e+00
1.762504100799560547e+00 4.160605072975158691e-01 0.000000000000000000e+00 3.973053693771362305e-01 9.232719540596008301e-01 0.000000000000000000e+00
0.000000000000000000e+00 4.116071164608001709e-01 0.000000000000000000e+00 1.147268652915954590e+00 1.465164065361022949e+00 0.000000000000000000e+00
1.541200041770935059e+00 1.072382211685180664e+00 0.000000000000000000e+00 1.498092561960220337e-01 2.715244591236114502e-01 0.000000000000000000e+00
1.923257112503051758e+00 9.362524151802062988e-01 0.000000000000000000e+00 6.745109558105468750e-01 6.263437867164611816e-01 0.000000000000000000e+00
1.189062356948852539e+00 1.742424607276916504e+00 0.000000000000000000e+00 4.111719131469726562e-01 3.385447561740875244e-01 0.000000000000000000e+00
1.262836575508117676e+00 2.289747446775436401e-01 0.000000000000000000e+00 1.654340028762817383e+00 6.881318688392639160e-01 0.000000000000000000e+00
1.380754113197326660e+00 6.580194830894470215e-01 0.000000000000000000e+00 1.478890895843505859e+00 7.312324047088623047e-01 0.000000000000000000e+00
1.808101534843444824e+00 5.763785243034362793e-01 0.000000000000000000e+00 2.294327877461910248e-02 1.552877902984619141e+00 0.000000000000000000e+00
1.438922286033630371e+00 4.837020635604858398e-01 0.000000000000000000e+00 1.394978761672973633e+00 7.300823330879211426e-01 0.000000000000000000e+00
1.363937377929687500e+00 2.993932664394378662e-01 0.000000000000000000e+00 1.620555639266967773e+00 6.356033086776733398e-01 0.000000000000000000e+00
1.290598034858703613e+00 4.644804894924163818e-01 0.000000000000000000e+00 1.376399517059326172e+00 5.717911720275878906e-01 0.000000000000000000e+00
1.397103548049926758e+00 4.254222810268402100e-01 0.000000000000000000e+00 1.448232054710388184e+00 5.983145236968994141e-01 0.000000000000000000e+00
1.548616290092468262e+00 1.327269554138183594e+00 0.000000000000000000e+00 5.697091221809387207e-01 8.005084991455078125e-01 0.000000000000000000e+00
1.443604469299316406e+00 1.043569922447204590e+00 0.000000000000000000e+00 1.615839153528213501e-01 2.531968057155609131e-01 0.000000000000000000e+00
8.563955873250961304e-02 1.096797347068786621e+00 0.000000000000000000e+00 1.738386154174804688e+00 8.809313774108886719e-01 0.000000000000000000e+00
2.414587587118148804e-01 1.837717652320861816e+00 0.000000000000000000e+00 4.032244980335235596e-01 3.641708493232727051e-01 0.000000000000000000e+00
1.004632234573364258e+00 1.736573219299316406e+00 0.000000000000000000e+00 1.840604990720748901e-01 6.192643046379089355e-01 0.000000000000000000e+00
0.000000000000000000e+00 9.124825596809387207e-01 0.000000000000000000e+00 1.829020380973815918e+00 6.954684257507324219e-01 0.000000000000000000e+00
1.412175416946411133e+00 8.748697638511657715e-01 0.000000000000000000e+00 1.586490571498870850e-01 2.864593267440795898e-01 0.000000000000000000e+00
2.579866349697113037e-01 1.549353003501892090e+00 0.000000000000000000e+00 3.810145258903503418e-01 1.004768610000610352e+00 0.000000000000000000e+00
1.726139307022094727e+00 7.051888704299926758e-01 0.000000000000000000e+00 6.532843708992004395e-01 7.187385559082031250e-01 0.000000000000000000e+00
1.460404634475708008e+00 9.468807578086853027e-01 0.000000000000000000e+00 1.457478106021881104e-01 2.297016680240631104e-01 0.000000000000000000e+00
7.398361563682556152e-01 1.298282384872436523e+00 0.000000000000000000e+00 1.832695960998535156e+00 0.000000000000000000e+00 0.000000000000000000e+00
1.515415668487548828e+00 1.045190215110778809e+00 0.000000000000000000e+00 2.565243542194366455e-01 3.747504949569702148e-01 0.000000000000000000e+00
9.993778914213180542e-02 1.112029314041137695e+00 0.000000000000000000e+00 1.314996719360351562e+00 7.749550342559814453e-01 0.000000000000000000e+00
0.000000000000000000e+00 1.039072275161743164e+00 0.000000000000000000e+00 1.390260338783264160e+00 9.938365221023559570e-01 0.000000000000000000e+00
1.403676718473434448e-01 1.209172248840332031e+00 0.000000000000000000e+00 1.644166827201843262e+00 1.047538042068481445e+00 0.000000000000000000e+00
2.072029590606689453e+00 5.576757788658142090e-01 0.000000000000000000e+00 0.000000000000000000e+00 1.524830937385559082e+00 0.000000000000000000e+00
0.000000000000000000e+00 8.801824450492858887e-01 0.000000000000000000e+00 1.461198698962107301e-04 6.805929541587829590e-01 0.000000000000000000e+00
9.993778914213180542e-02 1.112029314041137695e+00 0.000000000000000000e+00 1.314996719360351562e+00 7.749550342559814453e-01 0.000000000000000000e+00
1.654286265373229980e+00 7.983456254005432129e-01 0.000000000000000000e+00 6.951184272766113281e-01 6.658793687820434570e-01 0.000000000000000000e+00
1.579319834709167480e+00 1.261894702911376953e+00 0.000000000000000000e+00 2.183940112590789795e-01 2.581315338611602783e-01 0.000000000000000000e+00
8.217608332633972168e-01 8.337795734405517578e-01 0.000000000000000000e+00 5.021254420280456543e-01 1.205138206481933594e+00 0.000000000000000000e+00
1.043328642845153809e+00 1.389534235000610352e+00 0.000000000000000000e+00 1.136417835950851440e-01 3.957020640373229980e-01 0.000000000000000000e+00
8.526865392923355103e-02 1.086622357368469238e+00 0.000000000000000000e+00 1.566478371620178223e+00 1.030313253402709961e+00 0.000000000000000000e+00
1.029559850692749023e+00 1.501235365867614746e+00 0.000000000000000000e+00 1.914568066596984863e+00 1.976894140243530273e-01 0.000000000000000000e+00
3.163920715451240540e-02 1.257585525512695312e+00 0.000000000000000000e+00 1.620215296745300293e+00 9.030320644378662109e-01 0.000000000000000000e+00
1.030598759651184082e+00 7.133162021636962891e-01 0.000000000000000000e+00 9.970202445983886719e-01 1.199192166328430176e+00 0.000000000000000000e+00
1.286079406738281250e+00 1.297710418701171875e+00 0.000000000000000000e+00 2.468310743570327759e-01 1.914347261190414429e-01 0.000000000000000000e+00
1.005424022674560547e+00 1.741263031959533691e+00 0.000000000000000000e+00 2.184780985116958618e-01 5.798100829124450684e-01 0.000000000000000000e+00
1.154911518096923828e+00 1.486356019973754883e+00 0.000000000000000000e+00 2.103905938565731049e-02 7.757927179336547852e-01 0.000000000000000000e+00
1.194711565971374512e+00 4.329485297203063965e-01 0.000000000000000000e+00 1.305498123168945312e+00 8.778934478759765625e-01 0.000000000000000000e+00
1.694375634193420410e+00 2.753287255764007568e-01 0.000000000000000000e+00 4.891946911811828613e-01 4.972889125347137451e-01 0.000000000000000000e+00
2.214696258306503296e-01 1.533572912216186523e+00 0.000000000000000000e+00 4.641595482826232910e-01 2.131688296794891357e-01 0.000000000000000000e+00
7.280954718589782715e-01 1.424723267555236816e+00 0.000000000000000000e+00 8.784760534763336182e-02 4.025928378105163574e-01 0.000000000000000000e+00
1.192713618278503418e+00 1.028592705726623535e+00 0.000000000000000000e+00 1.143803745508193970e-01 2.625495493412017822e-01 0.000000000000000000e+00
2.398044764995574951e-01 1.171378612518310547e+00 0.000000000000000000e+00 1.709600329399108887e+00 5.484610199928283691e-01 0.000000000000000000e+00
4.637394845485687256e-01 1.896482467651367188e+00 0.000000000000000000e+00 6.641190648078918457e-01 2.701493501663208008e-01 0.000000000000000000e+00
1.598612546920776367e+00 9.879999160766601562e-01 0.000000000000000000e+00 1.963312476873397827e-01 6.171194314956665039e-01 0.000000000000000000e+00
1.308422327041625977e+00 1.444923162460327148e+00 0.000000000000000000e+00 3.786013424396514893e-01 0.000000000000000000e+00 0.000000000000000000e+00
1.337458133697509766e+00 4.679492712020874023e-01 0.000000000000000000e+00 1.480002760887145996e+00 7.544631958007812500e-01 0.000000000000000000e+00
7.915429472923278809e-01 1.270795583724975586e+00 0.000000000000000000e+00 1.290392756462097168e+00 5.739956498146057129e-01 0.000000000000000000e+00
1.760240197181701660e+00 5.846165418624877930e-01 0.000000000000000000e+00 6.127581000328063965e-01 1.056709408760070801e+00 0.000000000000000000e+00
1.453415513038635254e+00 5.541744828224182129e-01 0.000000000000000000e+00 1.378278613090515137e+00 7.427206039428710938e-01 0.000000000000000000e+00
1.237481594085693359e+00 6.540589332580566406e-01 0.000000000000000000e+00 1.405189633369445801e+00 6.109477877616882324e-01 0.000000000000000000e+00
1.269426584243774414e+00 4.102191030979156494e-01 0.000000000000000000e+00 1.494781255722045898e+00 5.860613584518432617e-01 0.000000000000000000e+00
1.838494420051574707e+00 5.756245851516723633e-01 0.000000000000000000e+00 1.678154915571212769e-01 1.201122403144836426e+00 0.000000000000000000e+00
1.203632831573486328e+00 7.426832318305969238e-01 0.000000000000000000e+00 1.151224970817565918e+00 5.200538039207458496e-01 0.000000000000000000e+00
1.072668313980102539e+00 1.475079655647277832e+00 0.000000000000000000e+00 2.142534218728542328e-02 9.129225611686706543e-01 0.000000000000000000e+00
1.728411316871643066e-01 1.167223930358886719e+00 0.000000000000000000e+00 1.488434791564941406e+00 8.655464053153991699e-01 0.000000000000000000e+00
1.112437620759010315e-01 1.212216019630432129e+00 0.000000000000000000e+00 1.408680558204650879e+00 3.368203043937683105e-01 0.000000000000000000e+00
1.311183571815490723e+00 1.006212949752807617e+00 0.000000000000000000e+00 1.612265110015869141e+00 4.725187122821807861e-01 0.000000000000000000e+00
1.376373648643493652e+00 1.385289430618286133e+00 0.000000000000000000e+00 1.768063753843307495e-01 5.147256255149841309e-01 0.000000000000000000e+00
2.814404070377349854e-01 1.550587773323059082e+00 0.000000000000000000e+00 2.835864722728729248e-01 9.463546276092529297e-01 0.000000000000000000e+00
1.823458552360534668e+00 5.781312584877014160e-01 0.000000000000000000e+00 0.000000000000000000e+00 1.705375790596008301e+00 0.000000000000000000e+00
2.042977511882781982e-01 1.873606920242309570e+00 0.000000000000000000e+00 4.577861130237579346e-01 7.124677300453186035e-01 0.000000000000000000e+00
1.572161197662353516e+00 7.187621593475341797e-01 0.000000000000000000e+00 7.142593860626220703e-01 9.788340330123901367e-01 0.000000000000000000e+00
1.175703763961791992e+00 5.827972888946533203e-01 0.000000000000000000e+00 7.201544195413589478e-02 1.606815099716186523e+00 0.000000000000000000e+00
1.657993435859680176e+00 5.478770732879638672e-01 0.000000000000000000e+00 3.653788268566131592e-01 1.280701756477355957e+00 0.000000000000000000e+00
9.343588352203369141e-02 1.028661251068115234e+00 0.000000000000000000e+00 1.462182283401489258e+00 7.421236634254455566e-01 0.000000000000000000e+00
8.385732769966125488e-01 1.447203397750854492e+00 0.000000000000000000e+00 1.576965212821960449e+00 4.871282875537872314e-01 0.000000000000000000e+00
1.012881159782409668e+00 1.289147377014160156e+00 0.000000000000000000e+00 0.000000000000000000e+00 2.420582473278045654e-01 0.000000000000000000e+00
1.968236446380615234e+00 3.724885582923889160e-01 0.000000000000000000e+00 3.723805546760559082e-01 1.171913266181945801e+00 0.000000000000000000e+00
1.639873832464218140e-01 1.567950963973999023e+00 0.000000000000000000e+00 4.391258358955383301e-01 2.760168015956878662e-01 0.000000000000000000e+00
1.220867395401000977e+00 1.312285780906677246e+00 0.000000000000000000e+00 1.092253774404525757e-01 3.246507942676544189e-01 0.000000000000000000e+00
1.116038799285888672e+00 1.223630070686340332e+00 0.000000000000000000e+00 1.399102658033370972e-01 1.399898529052734375e-01 0.000000000000000000e+00
1.710681915283203125e-01 1.567064642906188965e+00 0.000000000000000000e+00 3.660584986209869385e-01 3.460562229156494141e-01 0.000000000000000000e+00
1.132849574089050293e+00 1.795101404190063477e+00 0.000000000000000000e+00 2.938752472400665283e-01 3.194548189640045166e-01 0.000000000000000000e+00
1.009751319885253906e+00 1.396798849105834961e+00 0.000000000000000000e+00 5.663976669311523438e-01 1.814803838729858398e+00 0.000000000000000000e+00
1.807524323463439941e+00 4.840173125267028809e-01 0.000000000000000000e+00 5.152031183242797852e-01 1.340421438217163086e+00 0.000000000000000000e+00
1.240561842918395996e+00 9.207426905632019043e-01 0.000000000000000000e+00 1.442174077033996582e+00 7.263211011886596680e-01 0.000000000000000000e+00
1.017546534538269043e+00 1.200425148010253906e+00 0.000000000000000000e+00 0.000000000000000000e+00 3.551431298255920410e-01 0.000000000000000000e+00
1.248706057667732239e-01 1.607464432716369629e+00 0.000000000000000000e+00 3.047470450401306152e-01 4.423228502273559570e-01 0.000000000000000000e+00
1.571067333221435547e+00 1.369092106819152832e+00 0.000000000000000000e+00 2.220875918865203857e-01 2.981066107749938965e-01 0.000000000000000000e+00
1.276071071624755859e+00 9.995716810226440430e-01 0.000000000000000000e+00 5.265418291091918945e-01 4.564697444438934326e-01 0.000000000000000000e+00
1.003376841545104980e+00 1.866561174392700195e+00 0.000000000000000000e+00 2.155589014291763306e-01 5.403019189834594727e-01 0.000000000000000000e+00
0.000000000000000000e+00 9.042412638664245605e-01 0.000000000000000000e+00 1.526056885719299316e+00 1.311972737312316895e+00 0.000000000000000000e+00
1.580875039100646973e+00 9.592878818511962891e-01 0.000000000000000000e+00 6.774449944496154785e-01 6.387050747871398926e-01 0.000000000000000000e+00
0.000000000000000000e+00 1.039636254310607910e+00 0.000000000000000000e+00 1.162067174911499023e+00 1.056207537651062012e+00 0.000000000000000000e+00
1.296933054924011230e+00 9.462091326713562012e-01 0.000000000000000000e+00 1.681338548660278320e+00 4.951965510845184326e-01 0.000000000000000000e+00
1.155595779418945312e+00 7.397156953811645508e-01 0.000000000000000000e+00 1.427054882049560547e+00 8.604487180709838867e-01 0.000000000000000000e+00
1.574692130088806152e+00 5.513911247253417969e-01 0.000000000000000000e+00 6.216576099395751953e-01 1.118573784828186035e+00 0.000000000000000000e+00
9.012981504201889038e-02 1.248668432235717773e+00 0.000000000000000000e+00 1.524848818778991699e+00 8.707986474037170410e-01 0.000000000000000000e+00
1.350957274436950684e+00 3.931593894958496094e-01 0.000000000000000000e+00 1.066767692565917969e+00 9.042457938194274902e-01 0.000000000000000000e+00
1.437550306320190430e+00 5.623223185539245605e-01 0.000000000000000000e+00 1.535621047019958496e+00 7.025328874588012695e-01 0.000000000000000000e+00
1.081345509737730026e-02 3.307580053806304932e-01 0.000000000000000000e+00 1.201727390289306641e+00 1.576082944869995117e+00 0.000000000000000000e+00
1.776933908462524414e+00 5.701564550399780273e-01 0.000000000000000000e+00 7.164943218231201172e-01 1.224596261978149414e+00 0.000000000000000000e+00
1.349663138389587402e+00 1.460481762886047363e+00 0.000000000000000000e+00 3.927460610866546631e-01 8.155125193297863007e-03 0.000000000000000000e+00
1.269426584243774414e+00 4.102191030979156494e-01 0.000000000000000000e+00 1.494781255722045898e+00 5.860613584518432617e-01 0.000000000000000000e+00
8.488270640373229980e-01 0.000000000000000000e+00 0.000000000000000000e+00 1.274729013442993164e+00 7.034478783607482910e-01 0.000000000000000000e+00
1.144427180290222168e+00 1.326939940452575684e+00 0.000000000000000000e+00 1.108259335160255432e-01 1.205047965049743652e-01 0.000000000000000000e+00
7.547111064195632935e-02 1.054409027099609375e+00 0.000000000000000000e+00 1.774729013442993164e+00 6.577194333076477051e-01 0.000000000000000000e+00
1.125711679458618164e+00 7.441468536853790283e-02 0.000000000000000000e+00 1.331589818000793457e+00 5.954906940460205078e-01 0.000000000000000000e+00
0.000000000000000000e+00 8.364670276641845703e-01 0.000000000000000000e+00 1.747427344322204590e+00 9.501842260360717773e-01 0.000000000000000000e+00
4.534538686275482178e-01 2.165645360946655273e+00 0.000000000000000000e+00 7.062848210334777832e-01 3.896222412586212158e-01 0.000000000000000000e+00
1.186913609504699707e+00 8.671988248825073242e-01 0.000000000000000000e+00 1.552518725395202637e+00 4.112133085727691650e-01 0.000000000000000000e+00
1.432843089103698730e+00 6.800493597984313965e-01 0.000000000000000000e+00 1.452602863311767578e+00 6.602459549903869629e-01 0.000000000000000000e+00
1.247024178504943848e+00 2.011716663837432861e-01 0.000000000000000000e+00 3.413527905941009521e-01 4.825505018234252930e-01 0.000000000000000000e+00
1.074891760945320129e-01 8.419999480247497559e-01 0.000000000000000000e+00 1.777869276702404022e-02 8.738907575607299805e-01 0.000000000000000000e+00
1.909377574920654297e+00 4.362133145332336426e-01 0.000000000000000000e+00 3.951677978038787842e-01 9.145991206169128418e-01 0.000000000000000000e+00
0.000000000000000000e+00 9.787852764129638672e-01 0.000000000000000000e+00 0.000000000000000000e+00 8.788285851478576660e-01 0.000000000000000000e+00
4.637394845485687256e-01 1.896482467651367188e+00 0.000000000000000000e+00 6.641190648078918457e-01 2.701493501663208008e-01 0.000000000000000000e+00
7.848238945007324219e-02 8.529769182205200195e-01 0.000000000000000000e+00 1.457246780395507812e+00 1.244612574577331543e+00 0.000000000000000000e+00
1.185863930732011795e-02 9.625638723373413086e-01 0.000000000000000000e+00 1.740715742111206055e+00 1.198866248130798340e+00 0.000000000000000000e+00
1.139136590063571930e-02 8.754111528396606445e-01 0.000000000000000000e+00 1.509586572647094727e+00 1.240986824035644531e+00 0.000000000000000000e+00
2.246099710464477539e+00 6.058701276779174805e-01 0.000000000000000000e+00 1.983312517404556274e-01 1.621532797813415527e+00 0.000000000000000000e+00
1.546464800834655762e+00 1.055219173431396484e+00 0.000000000000000000e+00 1.294595301151275635e-01 2.279567271471023560e-01 0.000000000000000000e+00
1.148602247238159180e+00 5.112167596817016602e-01 0.000000000000000000e+00 1.579326391220092773e+00 6.028770208358764648e-01 0.000000000000000000e+00
9.706133604049682617e-01 4.623629152774810791e-01 0.000000000000000000e+00 1.750304818153381348e+00 7.334004044532775879e-01 0.000000000000000000e+00
1.382709383964538574e+00 1.242090463638305664e+00 0.000000000000000000e+00 1.923684328794479370e-01 2.992171049118041992e-01 0.000000000000000000e+00
1.532261610031127930e+00 1.047812938690185547e+00 0.000000000000000000e+00 2.327971011400222778e-01 2.010177522897720337e-01 0.000000000000000000e+00
1.326031684875488281e+00 5.616168975830078125e-01 0.000000000000000000e+00 1.602351903915405273e+00 7.007488608360290527e-01 0.000000000000000000e+00
7.530354261398315430e-01 1.336910724639892578e+00 0.000000000000000000e+00 1.415112614631652832e+00 5.228483080863952637e-01 0.000000000000000000e+00
9.534155130386352539e-01 3.463125526905059814e-01 0.000000000000000000e+00 1.730378866195678711e+00 7.002213001251220703e-01 0.000000000000000000e+00
1.038122653961181641e+00 1.845418691635131836e+00 0.000000000000000000e+00 2.021173983812332153e-01 5.921577811241149902e-01 0.000000000000000000e+00
8.825659155845642090e-01 0.000000000000000000e+00 0.000000000000000000e+00 1.346340537071228027e+00 8.030575513839721680e-01 0.000000000000000000e+00
1.236845493316650391e+00 1.460452914237976074e+00 0.000000000000000000e+00 1.541599184274673462e-01 7.857244610786437988e-01 0.000000000000000000e+00
1.811499953269958496e+00 5.508592128753662109e-01 0.000000000000000000e+00 9.104132652282714844e-01 1.050225973129272461e+00 0.000000000000000000e+00
0.000000000000000000e+00 1.027624011039733887e+00 0.000000000000000000e+00 1.444411635398864746e+00 1.224986076354980469e+00 0.000000000000000000e+00
8.110965490341186523e-01 1.138053774833679199e+00 0.000000000000000000e+00 0.000000000000000000e+00 2.974056005477905273e-01 0.000000000000000000e+00
1.677667617797851562e+00 5.996080040931701660e-01 0.000000000000000000e+00 6.347170472145080566e-01 8.650289177894592285e-01 0.000000000000000000e+00
1.406254410743713379e+00 1.201014399528503418e+00 0.000000000000000000e+00 3.672573566436767578e-01 1.512570679187774658e-01 0.000000000000000000e+00
8.315957188606262207e-01 1.305791497230529785e+00 0.000000000000000000e+00 1.325902938842773438e+00 5.401313900947570801e-01 0.000000000000000000e+00
9.289185404777526855e-01 1.517591714859008789e+00 0.000000000000000000e+00 1.693898797035217285e+00 5.092514753341674805e-01 0.000000000000000000e+00
2.594559788703918457e-01 1.787803649902343750e+00 0.000000000000000000e+00 5.491790771484375000e-01 3.377733826637268066e-01 0.000000000000000000e+00
2.919490635395050049e-01 1.050498366355895996e+00 0.000000000000000000e+00 2.484144829213619232e-02 1.123073816299438477e+00 0.000000000000000000e+00
1.026871085166931152e+00 1.449419736862182617e+00 0.000000000000000000e+00 1.831210255622863770e+00 2.101360112428665161e-01 0.000000000000000000e+00
1.141206696629524231e-01 1.651875019073486328e+00 0.000000000000000000e+00 3.682061731815338135e-01 3.697842955589294434e-01 0.000000000000000000e+00
6.611585617065429688e-02 8.751364350318908691e-01 0.000000000000000000e+00 1.524448633193969727e+00 1.229362368583679199e+00 0.000000000000000000e+00
1.335273742675781250e+00 6.443108916282653809e-01 0.000000000000000000e+00 1.434426307678222656e+00 7.873288989067077637e-01 0.000000000000000000e+00
6.339665651321411133e-01 1.142229080200195312e+00 0.000000000000000000e+00 7.386898621916770935e-03 4.276968836784362793e-01 0.000000000000000000e+00
1.174398303031921387e+00 1.559247970581054688e+00 0.000000000000000000e+00 3.633372858166694641e-02 8.164650201797485352e-01 0.000000000000000000e+00
1.204202175140380859e+00 4.042382240295410156e-01 0.000000000000000000e+00 1.003078222274780273e+00 8.460021018981933594e-01 0.000000000000000000e+00
2.072029590606689453e+00 5.576757788658142090e-01 0.000000000000000000e+00 0.000000000000000000e+00 1.524830937385559082e+00 0.000000000000000000e+00
1.690922617912292480e+00 1.128658533096313477e+00 0.000000000000000000e+00 1.253379434347152710e-01 3.926830589771270752e-01 0.000000000000000000e+00
1.867961287498474121e+00 4.930040240287780762e-01 0.000000000000000000e+00 4.552577137947082520e-01 8.000650405883789062e-01 0.000000000000000000e+00
1.575369596481323242e+00 5.723533034324645996e-01 0.000000000000000000e+00 6.358578801155090332e-01 6.740008592605590820e-01 0.000000000000000000e+00
1.223991252481937408e-02 5.874018073081970215e-01 0.000000000000000000e+00 1.360328197479248047e+00 1.517645359039306641e+00 0.000000000000000000e+00
1.202946424484252930e+00 9.643533825874328613e-01 0.000000000000000000e+00 1.458021402359008789e+00 7.241861224174499512e-01 0.000000000000000000e+00
9.652348756790161133e-01 1.364444375038146973e+00 0.000000000000000000e+00 1.557346105575561523e+00 7.098641395568847656e-01 0.000000000000000000e+00
1.176407098770141602e+00 6.536290049552917480e-01 0.000000000000000000e+00 1.012385129928588867e+00 1.163406252861022949e+00 0.000000000000000000e+00
2.255452573299407959e-01 1.695407986640930176e+00 0.000000000000000000e+00 4.001513421535491943e-01 8.584345877170562744e-02 0.000000000000000000e+00
1.268506497144699097e-01 5.359898209571838379e-01 0.000000000000000000e+00 1.203910589218139648e+00 1.726177096366882324e+00 0.000000000000000000e+00
1.893455266952514648e+00 3.665732443332672119e-01 0.000000000000000000e+00 5.145908594131469727e-01 9.510456919670104980e-01 0.000000000000000000e+00
1.307371854782104492e+00 5.841147899627685547e-01 0.000000000000000000e+00 1.202394366264343262e+00 6.070906519889831543e-01 0.000000000000000000e+00
1.453115582466125488e+00 1.278723925352096558e-01 0.000000000000000000e+00 3.541212081909179688e-01 4.633801281452178955e-01 0.000000000000000000e+00
1.186975598335266113e+00 1.021437048912048340e+00 0.000000000000000000e+00 1.449106931686401367e+00 7.024070620536804199e-01 0.000000000000000000e+00
1.446260571479797363e+00 5.109671354293823242e-01 0.000000000000000000e+00 1.353184580802917480e+00 9.383435249328613281e-01 0.000000000000000000e+00
1.253773808479309082e+00 5.678446292877197266e-01 0.000000000000000000e+00 1.452103018760681152e+00 6.106219291687011719e-01 0.000000000000000000e+00
1.414037942886352539e+00 5.737392306327819824e-01 0.000000000000000000e+00 1.293162703514099121e+00 6.987664103507995605e-01 0.000000000000000000e+00
1.168775677680969238e+00 5.936936140060424805e-01 0.000000000000000000e+00 1.067639827728271484e+00 1.073901891708374023e+00 0.000000000000000000e+00
1.140251517295837402e+00 5.925504565238952637e-01 0.000000000000000000e+00 1.554163813591003418e+00 5.857150554656982422e-01 0.000000000000000000e+00
1.059847235679626465e+00 2.140568494796752930e-01 0.000000000000000000e+00 1.554149508476257324e+00 5.826508998870849609e-01 0.000000000000000000e+00
1.215185403823852539e+00 7.434983253479003906e-01 0.000000000000000000e+00 1.347371816635131836e+00 5.694479346275329590e-01 0.000000000000000000e+00
1.372265577316284180e+00 5.850930213928222656e-01 0.000000000000000000e+00 1.371927261352539062e+00 8.711826205253601074e-01 0.000000000000000000e+00
1.585057973861694336e+00 1.510817646980285645e+00 0.000000000000000000e+00 5.182738304138183594e-01 1.313542872667312622e-01 0.000000000000000000e+00
1.645796775817871094e+00 1.221918463706970215e+00 0.000000000000000000e+00 1.456407755613327026e-01 4.470061361789703369e-01 0.000000000000000000e+00
1.512523055076599121e+00 8.726365566253662109e-01 0.000000000000000000e+00 6.094651818275451660e-01 5.912541747093200684e-01 0.000000000000000000e+00
7.770369052886962891e-01 1.518599987030029297e-01 0.000000000000000000e+00 1.417509913444519043e+00 8.784632682800292969e-01 0.000000000000000000e+00
3.682538568973541260e-01 1.882425069808959961e+00 0.000000000000000000e+00 6.245572566986083984e-01 3.122204542160034180e-01 0.000000000000000000e+00
1.369667172431945801e+00 1.480275511741638184e+00 0.000000000000000000e+00 0.000000000000000000e+00 8.075320720672607422e-01 0.000000000000000000e+00
7.797731459140777588e-02 1.547615885734558105e+00 0.000000000000000000e+00 3.566652834415435791e-01 4.500725269317626953e-01 0.000000000000000000e+00
1.364752054214477539e+00 1.121800184249877930e+00 0.000000000000000000e+00 1.637377738952636719e-01 2.643628716468811035e-01 0.000000000000000000e+00
1.167885899543762207e+00 1.092402696609497070e+00 0.000000000000000000e+00 6.531486511230468750e-01 3.028482794761657715e-01 0.000000000000000000e+00
1.283358693122863770e+00 1.187594175338745117e+00 0.000000000000000000e+00 1.514519602060317993e-01 3.129609525203704834e-01 0.000000000000000000e+00
1.039210915565490723e+00 3.620333373546600342e-01 0.000000000000000000e+00 1.602577209472656250e+00 5.847030282020568848e-01 0.000000000000000000e+00
1.279462575912475586e+00 6.442245244979858398e-01 0.000000000000000000e+00 1.610793113708496094e+00 7.510125041007995605e-01 0.000000000000000000e+00
1.446325302124023438e+00 1.397443294525146484e+00 0.000000000000000000e+00 0.000000000000000000e+00 7.619507312774658203e-01 0.000000000000000000e+00
8.437898159027099609e-01 1.257591247558593750e+00 0.000000000000000000e+00 1.432755231857299805e+00 2.047738134860992432e-01 0.000000000000000000e+00
4.621345177292823792e-02 7.611687183380126953e-01 0.000000000000000000e+00 1.739336133003234863e+00 2.809223532676696777e-01 0.000000000000000000e+00
3.023686707019805908e-01 1.308268189430236816e+00 0.000000000000000000e+00 1.961504220962524414e-01 1.265026092529296875e+00 0.000000000000000000e+00
2.786779105663299561e-01 1.385534405708312988e+00 0.000000000000000000e+00 2.131735086441040039e-01 1.284597516059875488e+00 0.000000000000000000e+00
1.254959821701049805e+00 4.532541334629058838e-01 0.000000000000000000e+00 1.336218833923339844e+00 6.820130348205566406e-01 0.000000000000000000e+00
8.422176241874694824e-01 1.340275645256042480e+00 0.000000000000000000e+00 8.532097935676574707e-02 0.000000000000000000e+00 0.000000000000000000e+00
1.196775317192077637e+00 3.126968145370483398e-01 0.000000000000000000e+00 1.816843032836914062e+00 6.710070967674255371e-01 0.000000000000000000e+00
1.838494420051574707e+00 5.756245851516723633e-01 0.000000000000000000e+00 1.678154915571212769e-01 1.201122403144836426e+00 0.000000000000000000e+00
1.629628300666809082e+00 7.911267876625061035e-01 0.000000000000000000e+00 7.805842161178588867e-01 9.470468163490295410e-01 0.000000000000000000e+00
1.773333549499511719e+00 5.723077058792114258e-01 0.000000000000000000e+00 6.385368704795837402e-01 8.939668536186218262e-01 0.000000000000000000e+00
1.139370352029800415e-01 1.508126974105834961e+00 0.000000000000000000e+00 2.436354309320449829e-01 7.528306841850280762e-01 0.000000000000000000e+00
2.848545089364051819e-02 1.055202960968017578e+00 0.000000000000000000e+00 1.459620475769042969e+00 9.973443150520324707e-01 0.000000000000000000e+00
0.000000000000000000e+00 9.083409309387207031e-01 0.000000000000000000e+00 1.716782212257385254e+00 1.261928439140319824e+00 0.000000000000000000e+00
8.014280200004577637e-01 1.245290637016296387e+00 0.000000000000000000e+00 1.440430521965026855e+00 5.889487862586975098e-01 0.000000000000000000e+00
0.000000000000000000e+00 9.686653614044189453e-01 0.000000000000000000e+00 1.606663107872009277e+00 1.079591989517211914e+00 0.000000000000000000e+00
1.101337075233459473e+00 1.294821649789810181e-01 0.000000000000000000e+00 1.540340662002563477e+00 8.841788172721862793e-01 0.000000000000000000e+00
3.500990271568298340e-01 1.657993316650390625e+00 0.000000000000000000e+00 4.433642327785491943e-01 4.909358620643615723e-01 0.000000000000000000e+00
5.297619700431823730e-01 1.908593654632568359e+00 0.000000000000000000e+00 1.793761134147644043e+00 1.795595765113830566e+00 0.000000000000000000e+00
9.255823493003845215e-02 1.631223678588867188e+00 0.000000000000000000e+00 2.729562222957611084e-01 3.396748602390289307e-01 0.000000000000000000e+00
1.117907404899597168e+00 7.018609046936035156e-01 0.000000000000000000e+00 1.091962099075317383e+00 6.085805892944335938e-01 0.000000000000000000e+00
1.191673517227172852e+00 1.869493842124938965e+00 0.000000000000000000e+00 1.589884012937545776e-01 6.740708351135253906e-01 0.000000000000000000e+00
1.228307485580444336e+00 5.736248493194580078e-01 0.000000000000000000e+00 1.379879474639892578e+00 7.620969414710998535e-01 0.000000000000000000e+00
4.310055822134017944e-02 1.110254883766174316e+00 0.000000000000000000e+00 1.708060264587402344e+00 1.122990965843200684e+00 0.000000000000000000e+00
1.226989269256591797e+00 3.476148843765258789e-01 0.000000000000000000e+00 1.660964131355285645e+00 6.608470678329467773e-01 0.000000000000000000e+00
1.336294531822204590e+00 1.160161375999450684e+00 0.000000000000000000e+00 3.648208379745483398e-01 9.993711113929748535e-02 0.000000000000000000e+00
1.432672590017318726e-01 1.223047971725463867e+00 0.000000000000000000e+00 1.306655764579772949e+00 1.064110636711120605e+00 0.000000000000000000e+00
1.595859050750732422e+00 1.330083727836608887e+00 0.000000000000000000e+00 1.881663948297500610e-01 3.142224848270416260e-01 0.000000000000000000e+00
0.000000000000000000e+00 8.364670276641845703e-01 0.000000000000000000e+00 1.747427344322204590e+00 9.501842260360717773e-01 0.000000000000000000e+00
1.330818295478820801e+00 6.739649176597595215e-01 0.000000000000000000e+00 3.074011579155921936e-02 1.775237798690795898e+00 0.000000000000000000e+00
9.704853594303131104e-02 1.190300345420837402e+00 0.000000000000000000e+00 1.320785403251647949e+00 7.832126021385192871e-01 0.000000000000000000e+00
2.082276105880737305e+00 6.441892981529235840e-01 0.000000000000000000e+00 3.303603455424308777e-02 1.693536996841430664e+00 0.000000000000000000e+00
1.489313602447509766e+00 1.009770631790161133e+00 0.000000000000000000e+00 4.403238594532012939e-01 0.000000000000000000e+00 0.000000000000000000e+00
1.261100292205810547e+00 8.157035112380981445e-01 0.000000000000000000e+00 1.562090367078781128e-01 2.203646302223205566e-01 0.000000000000000000e+00
8.248991370201110840e-01 1.351409554481506348e+00 0.000000000000000000e+00 1.417866349220275879e+00 4.198188185691833496e-01 0.000000000000000000e+00
2.466327995061874390e-01 1.150194406509399414e+00 0.000000000000000000e+00 1.622812151908874512e+00 1.888651013374328613e+00 0.000000000000000000e+00
7.589623928070068359e-01 0.000000000000000000e+00 0.000000000000000000e+00 1.463070392608642578e+00 8.191926479339599609e-01 0.000000000000000000e+00
1.311529040336608887e+00 3.921701908111572266e-01 0.000000000000000000e+00 1.467120528221130371e+00 6.573386192321777344e-01 0.000000000000000000e+00
6.049092859029769897e-02 1.182750344276428223e+00 0.000000000000000000e+00 1.395683169364929199e+00 1.078671216964721680e+00 0.000000000000000000e+00
1.646262049674987793e+00 5.005409717559814453e-01 0.000000000000000000e+00 5.490655899047851562e-01 1.095278143882751465e+00 0.000000000000000000e+00
9.647945314645767212e-02 1.160080432891845703e+00 0.000000000000000000e+00 1.670571804046630859e+00 1.186032652854919434e+00 0.000000000000000000e+00
1.388789534568786621e+00 3.818771839141845703e-01 0.000000000000000000e+00 1.124463558197021484e+00 8.094254136085510254e-01 0.000000000000000000e+00
1.402834534645080566e+00 8.574615716934204102e-01 0.000000000000000000e+00 3.644372522830963135e-01 1.135421991348266602e+00 0.000000000000000000e+00
3.047347441315650940e-02 9.556769132614135742e-01 0.000000000000000000e+00 1.745359182357788086e+00 5.094170570373535156e-01 0.000000000000000000e+00
1.235753536224365234e+00 4.745018780231475830e-01 0.000000000000000000e+00 1.687146782875061035e+00 6.557812690734863281e-01 0.000000000000000000e+00
0.000000000000000000e+00 1.029000759124755859e+00 0.000000000000000000e+00 1.849281907081604004e+00 8.244258761405944824e-01 0.000000000000000000e+00
1.204706549644470215e+00 5.021469593048095703e-01 0.000000000000000000e+00 2.413177117705345154e-02 1.704304814338684082e+00 0.000000000000000000e+00
1.140246868133544922e+00 6.538227796554565430e-01 0.000000000000000000e+00 1.476568222045898438e+00 4.952840507030487061e-01 0.000000000000000000e+00
2.813366949558258057e-01 1.435888290405273438e+00 0.000000000000000000e+00 1.600413769483566284e-01 1.197245001792907715e+00 0.000000000000000000e+00
1.483672976493835449e+00 6.486368775367736816e-01 0.000000000000000000e+00 1.376602768898010254e+00 8.064650893211364746e-01 0.000000000000000000e+00
1.659649491310119629e+00 1.035134434700012207e+00 0.000000000000000000e+00 1.905956864356994629e-01 3.970282673835754395e-01 0.000000000000000000e+00
1.304610013961791992e+00 5.764537453651428223e-01 0.000000000000000000e+00 1.643934845924377441e+00 7.602615356445312500e-01 0.000000000000000000e+00
1.254942655563354492e+00 2.472598403692245483e-01 0.000000000000000000e+00 1.125282764434814453e+00 8.807080388069152832e-01 0.000000000000000000e+00
1.319849610328674316e+00 5.840023756027221680e-01 0.000000000000000000e+00 1.443211913108825684e+00 6.422595381736755371e-01 0.000000000000000000e+00
3.128286004066467285e-01 1.822274208068847656e+00 0.000000000000000000e+00 5.270216464996337891e-01 5.968539118766784668e-01 0.000000000000000000e+00
1.485363245010375977e+00 6.763570904731750488e-01 0.000000000000000000e+00 1.422572016716003418e+00 8.260895609855651855e-01 0.000000000000000000e+00
6.178206801414489746e-01 1.924321651458740234e+00 0.000000000000000000e+00 1.814595818519592285e+00 2.322402000427246094e+00 0.000000000000000000e+00
1.368897795677185059e+00 1.017183065414428711e+00 0.000000000000000000e+00 2.653231024742126465e-01 3.696224689483642578e-01 0.000000000000000000e+00
9.454812407493591309e-01 1.409601569175720215e+00 0.000000000000000000e+00 1.436787843704223633e+00 4.168433547019958496e-01 0.000000000000000000e+00
1.265383005142211914e+00 1.638767957687377930e+00 0.000000000000000000e+00 3.805851638317108154e-01 3.583921492099761963e-01 0.000000000000000000e+00
2.257928848266601562e-01 1.411312460899353027e+00 0.000000000000000000e+00 1.458086848258972168e+00 1.053928852081298828e+00 0.000000000000000000e+00
1.165692687034606934e+00 8.524391651153564453e-01 0.000000000000000000e+00 1.393251657485961914e+00 6.729749441146850586e-01 0.000000000000000000e+00
1.284257173538208008e+00 5.168631672859191895e-01 0.000000000000000000e+00 1.538185030221939087e-01 1.938244938850402832e+00 0.000000000000000000e+00
1.743183612823486328e+00 4.121561944484710693e-01 0.000000000000000000e+00 4.740001559257507324e-01 1.181874632835388184e+00 0.000000000000000000e+00
1.188940644264221191e+00 6.146314144134521484e-01 0.000000000000000000e+00 1.037963554263114929e-01 1.588229298591613770e+00 0.000000000000000000e+00
2.984350919723510742e-02 1.136939167976379395e+00 0.000000000000000000e+00 1.654933452606201172e+00 9.852336645126342773e-01 0.000000000000000000e+00
1.323191165924072266e+00 7.275301814079284668e-01 0.000000000000000000e+00 1.327451825141906738e+00 6.035000085830688477e-01 0.000000000000000000e+00
1.468153834342956543e+00 1.197134852409362793e+00 0.000000000000000000e+00 1.964114457368850708e-01 3.132016956806182861e-01 0.000000000000000000e+00
2.018905878067016602e+00 5.957930684089660645e-01 0.000000000000000000e+00 1.080568209290504456e-01 1.672046184539794922e+00 0.000000000000000000e+00
1.047637939453125000e+00 1.771259546279907227e+00 0.000000000000000000e+00 2.543631494045257568e-01 6.129506230354309082e-01 0.000000000000000000e+00
1.890665650367736816e+00 8.465016484260559082e-01 0.000000000000000000e+00 6.316763758659362793e-01 1.137652039527893066e+00 0.000000000000000000e+00
8.562257885932922363e-01 0.000000000000000000e+00 0.000000000000000000e+00 1.383021116256713867e+00 8.355492353439331055e-01 0.000000000000000000e+00
1.524291276931762695e+00 1.267152905464172363e+00 0.000000000000000000e+00 9.903549402952194214e-02 3.744010329246520996e-01 0.000000000000000000e+00
1.384216547012329102e+00 7.106225490570068359e-01 0.000000000000000000e+00 1.461056947708129883e+00 7.305008769035339355e-01 0.000000000000000000e+00
2.532990574836730957e-01 1.050550222396850586e+00 0.000000000000000000e+00 1.754728794097900391e+00 5.003831386566162109e-01 0.000000000000000000e+00
2.533773705363273621e-02 1.315356731414794922e+00 0.000000000000000000e+00 3.090539276599884033e-01 3.135370612144470215e-01 0.000000000000000000e+00
8.308702111244201660e-01 1.360289096832275391e+00 0.000000000000000000e+00 1.482263326644897461e+00 4.844713509082794189e-01 0.000000000000000000e+00
1.300616025924682617e+00 8.523662686347961426e-01 0.000000000000000000e+00 3.560425043106079102e-01 1.239362001419067383e+00 0.000000000000000000e+00
6.276782602071762085e-02 1.116522550582885742e+00 0.000000000000000000e+00 1.771132349967956543e+00 7.657409310340881348e-01 0.000000000000000000e+00
0.000000000000000000e+00 7.373460531234741211e-01 0.000000000000000000e+00 1.474972128868103027e+00 7.178893685340881348e-01 0.000000000000000000e+00
4.399442300200462341e-02 1.621477484703063965e+00 0.000000000000000000e+00 2.346698492765426636e-01 4.059089422225952148e-01 0.000000000000000000e+00
1.089509606361389160e+00 1.227849006652832031e+00 0.000000000000000000e+00 7.047691196203231812e-02 3.714299201965332031e-01 0.000000000000000000e+00
1.923521518707275391e+00 3.526985347270965576e-01 0.000000000000000000e+00 4.020477235317230225e-01 1.002790689468383789e+00 0.000000000000000000e+00
8.952922821044921875e-01 1.507882833480834961e+00 0.000000000000000000e+00 1.569496393203735352e+00 4.708703756332397461e-01 0.000000000000000000e+00
1.144500613212585449e+00 6.005764007568359375e-01 0.000000000000000000e+00 2.022818177938461304e-01 1.681207776069641113e+00 0.000000000000000000e+00
1.072731852531433105e+00 4.896525442600250244e-01 0.000000000000000000e+00 1.578845381736755371e+00 6.580473780632019043e-01 0.000000000000000000e+00
1.344413876533508301e+00 5.827661752700805664e-01 0.000000000000000000e+00 8.971732854843139648e-02 1.831563711166381836e+00 0.000000000000000000e+00
1.035833477973937988e+00 1.695608854293823242e+00 0.000000000000000000e+00 2.039790600538253784e-01 4.732114970684051514e-01 0.000000000000000000e+00
1.294002771377563477e+00 5.382467508316040039e-01 0.000000000000000000e+00 1.426178216934204102e+00 6.691069006919860840e-01 0.000000000000000000e+00
1.086777687072753906e+00 7.072832584381103516e-01 0.000000000000000000e+00 9.849537611007690430e-01 1.083639502525329590e+00 0.000000000000000000e+00
1.454836726188659668e+00 1.011216998100280762e+00 0.000000000000000000e+00 2.728431224822998047e-01 3.491280972957611084e-01 0.000000000000000000e+00
6.065441966056823730e-01 1.693457126617431641e+00 0.000000000000000000e+00 7.003230452537536621e-01 1.240429002791643143e-02 0.000000000000000000e+00
1.441221237182617188e+00 1.002957701683044434e+00 0.000000000000000000e+00 1.827225834131240845e-01 3.329218029975891113e-01 0.000000000000000000e+00
1.697689652442932129e+00 2.778585553169250488e-01 0.000000000000000000e+00 5.478346943855285645e-01 1.000351309776306152e+00 0.000000000000000000e+00
2.304721921682357788e-01 1.511880159378051758e+00 0.000000000000000000e+00 5.055522322654724121e-01 5.318935215473175049e-02 0.000000000000000000e+00
1.225456237792968750e+00 1.173028230667114258e+00 0.000000000000000000e+00 3.166163563728332520e-01 0.000000000000000000e+00 0.000000000000000000e+00
1.540873885154724121e+00 4.216314256191253662e-01 0.000000000000000000e+00 1.513511061668395996e+00 9.023053050041198730e-01 0.000000000000000000e+00
1.840341448783874512e+00 8.662795424461364746e-01 0.000000000000000000e+00 6.428222656250000000e-01 6.574758887290954590e-01 0.000000000000000000e+00
1.325882077217102051e+00 6.234977841377258301e-01 0.000000000000000000e+00 1.581732869148254395e+00 6.502162814140319824e-01 0.000000000000000000e+00
1.777849555015563965e+00 4.804653227329254150e-01 0.000000000000000000e+00 5.554994940757751465e-01 1.204117774963378906e+00 0.000000000000000000e+00
1.446325302124023438e+00 1.397443294525146484e+00 0.000000000000000000e+00 0.000000000000000000e+00 7.619507312774658203e-01 0.000000000000000000e+00
2.037832975387573242e+00 5.774285793304443359e-01 0.000000000000000000e+00 1.641866713762283325e-01 1.727034687995910645e+00 0.000000000000000000e+00
2.092958211898803711e+00 9.080034494400024414e-01 0.000000000000000000e+00 3.968096673488616943e-01 4.166444540023803711e-01 0.000000000000000000e+00
2.321658879518508911e-01 1.085528016090393066e+00 0.000000000000000000e+00 1.155446052551269531e+00 1.527846217155456543e+00 0.000000000000000000e+00
1.597613573074340820e+00 5.748399496078491211e-01 0.000000000000000000e+00 7.055010795593261719e-01 1.091387152671813965e+00 0.000000000000000000e+00
7.972568869590759277e-01 1.329594135284423828e+00 0.000000000000000000e+00 1.497381448745727539e+00 4.207543730735778809e-01 0.000000000000000000e+00
4.736828431487083435e-02 1.019146203994750977e+00 0.000000000000000000e+00 1.599395990371704102e+00 9.854404330253601074e-01 0.000000000000000000e+00
1.403676718473434448e-01 1.209172248840332031e+00 0.000000000000000000e+00 1.644166827201843262e+00 1.047538042068481445e+00 0.000000000000000000e+00
1.266333818435668945e+00 5.866826176643371582e-01 0.000000000000000000e+00 1.471066594123840332e+00 6.098837256431579590e-01 0.000000000000000000e+00
1.096956372261047363e+00 7.320697885006666183e-03 0.000000000000000000e+00 1.454273343086242676e+00 7.870962619781494141e-01 0.000000000000000000e+00
1.326115727424621582e+00 4.899679720401763916e-01 0.000000000000000000e+00 1.384455084800720215e+00 6.390247344970703125e-01 0.000000000000000000e+00
1.442746877670288086e+00 2.863660752773284912e-01 0.000000000000000000e+00 1.516371130943298340e+00 9.101574420928955078e-01 0.000000000000000000e+00
9.993034601211547852e-01 1.105195760726928711e+00 0.000000000000000000e+00 2.843417227268218994e-01 3.203623741865158081e-02 0.000000000000000000e+00
3.548886775970458984e-01 1.220741271972656250e+00 0.000000000000000000e+00 1.843525052070617676e+00 1.739449501037597656e-01 0.000000000000000000e+00
1.933402180671691895e+00 1.151590108871459961e+00 0.000000000000000000e+00 2.972967922687530518e-01 3.863219916820526123e-01 0.000000000000000000e+00
1.182297945022583008e+00 5.707756876945495605e-01 0.000000000000000000e+00 6.418143212795257568e-02 1.752512574195861816e+00 0.000000000000000000e+00
1.460404634475708008e+00 9.468807578086853027e-01 0.000000000000000000e+00 1.457478106021881104e-01 2.297016680240631104e-01 0.000000000000000000e+00
1.426166415214538574e+00 1.261064529418945312e+00 0.000000000000000000e+00 1.539451181888580322e-01 3.112846314907073975e-01 0.000000000000000000e+00
0.000000000000000000e+00 1.039636254310607910e+00 0.000000000000000000e+00 1.162067174911499023e+00 1.056207537651062012e+00 0.000000000000000000e+00
2.993411123752593994e-01 2.067785024642944336e+00 0.000000000000000000e+00 4.159731864929199219e-01 1.151297807693481445e+00 0.000000000000000000e+00
1.801310420036315918e+00 9.346634149551391602e-01 0.000000000000000000e+00 7.592255473136901855e-01 5.231175422668457031e-01 0.000000000000000000e+00
1.751811027526855469e+00 7.260851860046386719e-01 0.000000000000000000e+00 6.374469995498657227e-01 5.349748730659484863e-01 0.000000000000000000e+00
1.823114395141601562e+00 4.590279757976531982e-01 0.000000000000000000e+00 4.249144196510314941e-01 8.919706344604492188e-01 0.000000000000000000e+00
1.426636129617691040e-01 1.154476404190063477e+00 0.000000000000000000e+00 1.921158313751220703e+00 5.775194764137268066e-01 0.000000000000000000e+00
1.213106274604797363e+00 1.098418951034545898e+00 0.000000000000000000e+00 1.242503821849822998e-01 2.348889112472534180e-01 0.000000000000000000e+00
1.418680310249328613e+00 5.524284839630126953e-01 0.000000000000000000e+00 1.576187968254089355e+00 7.625244259834289551e-01 0.000000000000000000e+00
3.288228213787078857e-01 5.000920295715332031e-01 0.000000000000000000e+00 1.060894727706909180e+00 1.616953372955322266e+00 0.000000000000000000e+00
9.942044317722320557e-02 1.170157551765441895e+00 0.000000000000000000e+00 1.701158046722412109e+00 1.135861873626708984e+00 0.000000000000000000e+00
1.463649868965148926e+00 5.540026426315307617e-01 0.000000000000000000e+00 1.483713388442993164e+00 8.745280504226684570e-01 0.000000000000000000e+00
1.034006476402282715e+00 2.981845736503601074e-01 0.000000000000000000e+00 1.775959014892578125e+00 6.496905088424682617e-01 0.000000000000000000e+00
1.874044388532638550e-01 1.310601353645324707e+00 0.000000000000000000e+00 1.321187853813171387e+00 1.607553124427795410e+00 0.000000000000000000e+00
1.316188693046569824e+00 1.058952689170837402e+00 0.000000000000000000e+00 1.571617960929870605e+00 5.367999672889709473e-01 0.000000000000000000e+00
1.372265577316284180e+00 5.850930213928222656e-01 0.000000000000000000e+00 1.371927261352539062e+00 8.711826205253601074e-01 0.000000000000000000e+00
1.702814221382141113e+00 4.454264938831329346e-01 0.000000000000000000e+00 5.542495250701904297e-01 1.145609378814697266e+00 0.000000000000000000e+00
4.310055822134017944e-02 1.110254883766174316e+00 0.000000000000000000e+00 1.708060264587402344e+00 1.122990965843200684e+00 0.000000000000000000e+00
1.246297240257263184e+00 1.834512591361999512e+00 0.000000000000000000e+00 1.825897693634033203e+00 2.586598396301269531e+00 0.000000000000000000e+00
2.793892621994018555e-01 1.687919735908508301e+00 0.000000000000000000e+00 6.955364346504211426e-01 1.999569088220596313e-01 0.000000000000000000e+00
1.788968324661254883e+00 5.566759705543518066e-01 0.000000000000000000e+00 7.093965411186218262e-01 1.157742381095886230e+00 0.000000000000000000e+00
0.000000000000000000e+00 1.074214100837707520e+00 0.000000000000000000e+00 4.737604409456253052e-02 6.460217237472534180e-01 0.000000000000000000e+00
0.000000000000000000e+00 8.938478231430053711e-01 0.000000000000000000e+00 1.704596281051635742e+00 8.758246302604675293e-01 0.000000000000000000e+00
2.600213885307312012e-01 8.558100461959838867e-01 0.000000000000000000e+00 1.218761920928955078e+00 1.763749837875366211e+00 0.000000000000000000e+00
2.117453664541244507e-01 1.397228598594665527e+00 0.000000000000000000e+00 1.274350583553314209e-01 1.014608263969421387e+00 0.000000000000000000e+00
1.263005137443542480e+00 4.335736632347106934e-01 0.000000000000000000e+00 1.447108864784240723e+00 6.887048482894897461e-01 0.000000000000000000e+00
1.263005137443542480e+00 4.335736632347106934e-01 0.000000000000000000e+00 1.447108864784240723e+00 6.887048482894897461e-01 0.000000000000000000e+00
1.242730855941772461e+00 4.224546551704406738e-01 0.000000000000000000e+00 1.407329082489013672e+00 5.556902885437011719e-01 0.000000000000000000e+00
1.168775677680969238e+00 5.936936140060424805e-01 0.000000000000000000e+00 1.067639827728271484e+00 1.073901891708374023e+00 0.000000000000000000e+00
9.786118865013122559e-01 9.651894122362136841e-02 0.000000000000000000e+00 1.553280353546142578e+00 7.903619408607482910e-01 0.000000000000000000e+00
1.395237445831298828e+00 1.666305661201477051e-01 0.000000000000000000e+00 1.149598479270935059e+00 7.082493305206298828e-01 0.000000000000000000e+00
1.993959903717041016e+00 4.397524595260620117e-01 0.000000000000000000e+00 4.672302603721618652e-01 9.427179694175720215e-01 0.000000000000000000e+00
1.293524146080017090e+00 5.400195717811584473e-01 0.000000000000000000e+00 0.000000000000000000e+00 1.857353329658508301e+00 0.000000000000000000e+00
1.740580201148986816e+00 6.860842108726501465e-01 0.000000000000000000e+00 6.366848349571228027e-01 5.773991942405700684e-01 0.000000000000000000e+00
1.724681258201599121e+00 5.850862264633178711e-01 0.000000000000000000e+00 6.918524503707885742e-01 1.074786663055419922e+00 0.000000000000000000e+00
1.579319834709167480e+00 1.261894702911376953e+00 0.000000000000000000e+00 2.183940112590789795e-01 2.581315338611602783e-01 0.000000000000000000e+00
1.811307549476623535e+00 2.423097640275955200e-01 0.000000000000000000e+00 5.515972375869750977e-01 7.194715142250061035e-01 0.000000000000000000e+00
1.475115060806274414e+00 3.144313395023345947e-01 0.000000000000000000e+00 1.229548931121826172e+00 9.758532643318176270e-01 0.000000000000000000e+00
3.130867704749107361e-02 9.261577129364013672e-01 0.000000000000000000e+00 1.708415627479553223e+00 1.252271175384521484e+00 0.000000000000000000e+00
1.066608548164367676e+00 1.436684608459472656e+00 0.000000000000000000e+00 0.000000000000000000e+00 9.720670580863952637e-01 0.000000000000000000e+00
8.432604074478149414e-01 0.000000000000000000e+00 0.000000000000000000e+00 1.328516721725463867e+00 7.734768390655517578e-01 0.000000000000000000e+00
1.347719907760620117e+00 4.941890835762023926e-01 0.000000000000000000e+00 1.399484276771545410e+00 6.242760419845581055e-01 0.000000000000000000e+00
1.385140419006347656e+00 4.633361995220184326e-01 0.000000000000000000e+00 0.000000000000000000e+00 1.929546117782592773e+00 0.000000000000000000e+00
1.185863930732011795e-02 9.625638723373413086e-01 0.000000000000000000e+00 1.740715742111206055e+00 1.198866248130798340e+00 0.000000000000000000e+00
2.653685808181762695e-01 1.807042002677917480e+00 0.000000000000000000e+00 4.503003358840942383e-01 3.144655525684356689e-01 0.000000000000000000e+00
1.333477020263671875e+00 4.108510911464691162e-01 0.000000000000000000e+00 1.435942769050598145e+00 5.698972940444946289e-01 0.000000000000000000e+00
8.568640947341918945e-01 1.379798531532287598e+00 0.000000000000000000e+00 1.534040570259094238e+00 4.041092097759246826e-01 0.000000000000000000e+00
1.265248179435729980e+00 4.514392316341400146e-01 0.000000000000000000e+00 1.684922695159912109e+00 6.236211657524108887e-01 0.000000000000000000e+00
7.458783984184265137e-01 7.417080998420715332e-01 0.000000000000000000e+00 1.544771194458007812e+00 1.522051811218261719e+00 0.000000000000000000e+00
1.818313002586364746e+00 2.576495110988616943e-01 0.000000000000000000e+00 4.720921516418457031e-01 1.295755267143249512e+00 0.000000000000000000e+00
1.381451785564422607e-01 1.305361509323120117e+00 0.000000000000000000e+00 1.789745926856994629e+00 6.939747333526611328e-01 0.000000000000000000e+00
2.671700417995452881e-01 1.869624853134155273e+00 0.000000000000000000e+00 5.327097773551940918e-01 3.929964005947113037e-01 0.000000000000000000e+00
1.782688379287719727e+00 4.481771886348724365e-01 0.000000000000000000e+00 5.687816739082336426e-01 9.557223916053771973e-01 0.000000000000000000e+00
1.773433804512023926e+00 5.696970224380493164e-01 0.000000000000000000e+00 5.942538976669311523e-01 1.049381017684936523e+00 0.000000000000000000e+00
1.618177294731140137e-01 1.279871940612792969e+00 0.000000000000000000e+00 1.749978184700012207e+00 8.904253244400024414e-01 0.000000000000000000e+00
2.059486150741577148e+00 8.576648831367492676e-01 0.000000000000000000e+00 4.378502368927001953e-01 2.057745009660720825e-01 0.000000000000000000e+00
1.600648880004882812e+00 1.033373355865478516e+00 0.000000000000000000e+00 2.519884109497070312e-01 3.577270507812500000e-01 0.000000000000000000e+00
1.245074152946472168e+00 4.394233822822570801e-01 0.000000000000000000e+00 1.546596735715866089e-01 1.584080338478088379e+00 0.000000000000000000e+00
1.474080681800842285e+00 9.883926510810852051e-01 0.000000000000000000e+00 2.457040101289749146e-01 4.445158839225769043e-01 0.000000000000000000e+00
2.325015813112258911e-01 4.784150123596191406e-01 0.000000000000000000e+00 1.312948346138000488e+00 1.694540023803710938e+00 0.000000000000000000e+00
9.070686697959899902e-01 0.000000000000000000e+00 0.000000000000000000e+00 1.313501119613647461e+00 8.163732886314392090e-01 0.000000000000000000e+00
5.753728374838829041e-02 1.217690944671630859e+00 0.000000000000000000e+00 1.763207077980041504e+00 7.362330555915832520e-01 0.000000000000000000e+00
1.667775750160217285e+00 8.171192407608032227e-01 0.000000000000000000e+00 8.043021559715270996e-01 8.840227723121643066e-01 0.000000000000000000e+00
0.000000000000000000e+00 1.090403795242309570e+00 0.000000000000000000e+00 1.489465594291687012e+00 8.379638791084289551e-01 0.000000000000000000e+00
1.591488480567932129e+00 1.048803329467773438e+00 0.000000000000000000e+00 1.757110953330993652e-01 2.593720853328704834e-01 0.000000000000000000e+00
1.350981354713439941e+00 2.235434055328369141e-01 0.000000000000000000e+00 1.135527133941650391e+00 9.185575842857360840e-01 0.000000000000000000e+00
8.582013249397277832e-01 1.459873914718627930e+00 0.000000000000000000e+00 1.697107553482055664e+00 4.367345273494720459e-01 0.000000000000000000e+00
0.000000000000000000e+00 9.849075078964233398e-01 0.000000000000000000e+00 1.132351998239755630e-02 7.785505056381225586e-01 0.000000000000000000e+00
9.036506712436676025e-02 1.188698410987854004e+00 0.000000000000000000e+00 1.270770192146301270e+00 8.900641202926635742e-01 0.000000000000000000e+00
1.161319613456726074e+00 1.200536251068115234e+00 0.000000000000000000e+00 8.746366947889328003e-02 2.951007485389709473e-01 0.000000000000000000e+00
1.588340520858764648e+00 1.086026430130004883e+00 0.000000000000000000e+00 2.004945129156112671e-01 1.428621113300323486e-01 0.000000000000000000e+00
3.716222196817398071e-02 1.097880005836486816e+00 0.000000000000000000e+00 1.638803362846374512e+00 1.109583497047424316e+00 0.000000000000000000e+00
1.512199759483337402e+00 1.077965497970581055e+00 0.000000000000000000e+00 1.958575993776321411e-01 3.763982057571411133e-01 0.000000000000000000e+00
1.612130522727966309e+00 6.709760427474975586e-01 0.000000000000000000e+00 6.440888047218322754e-01 8.094106912612915039e-01 0.000000000000000000e+00
1.394052386283874512e+00 1.013200640678405762e+00 0.000000000000000000e+00 2.986851632595062256e-01 1.498311281204223633e+00 0.000000000000000000e+00
1.215610980987548828e+00 5.888569355010986328e-01 0.000000000000000000e+00 8.035531640052795410e-02 1.817578315734863281e+00 0.000000000000000000e+00
0.000000000000000000e+00 8.957014679908752441e-01 0.000000000000000000e+00 0.000000000000000000e+00 8.620177507400512695e-01 0.000000000000000000e+00
8.182370066642761230e-01 1.413070917129516602e+00 0.000000000000000000e+00 1.438677430152893066e+00 5.057317018508911133e-01 0.000000000000000000e+00
1.849369525909423828e+00 5.709871649742126465e-01 0.000000000000000000e+00 7.107115387916564941e-01 1.080353379249572754e+00 0.000000000000000000e+00
1.010404706001281738e+00 1.161304473876953125e+00 0.000000000000000000e+00 1.345100283622741699e+00 7.450410127639770508e-01 0.000000000000000000e+00
1.751811027526855469e+00 7.260851860046386719e-01 0.000000000000000000e+00 6.374469995498657227e-01 5.349748730659484863e-01 0.000000000000000000e+00
9.689075946807861328e-01 8.709760308265686035e-01 0.000000000000000000e+00 1.578188180923461914e+00 5.662823319435119629e-01 0.000000000000000000e+00
2.054731920361518860e-02 1.151105880737304688e+00 0.000000000000000000e+00 1.818771123886108398e+00 8.923192024230957031e-01 0.000000000000000000e+00
1.479363679885864258e+00 3.012112081050872803e-01 0.000000000000000000e+00 1.469308972358703613e+00 7.539472579956054688e-01 0.000000000000000000e+00
2.392142266035079956e-01 1.607061266899108887e+00 0.000000000000000000e+00 5.130345821380615234e-01 1.781737357378005981e-01 0.000000000000000000e+00
1.836248397827148438e+00 1.071575760841369629e+00 0.000000000000000000e+00 1.911710798740386963e-01 7.363288402557373047e-01 0.000000000000000000e+00
2.148638665676116943e-01 5.241344571113586426e-01 0.000000000000000000e+00 1.395259976387023926e+00 1.836702108383178711e+00 0.000000000000000000e+00
0.000000000000000000e+00 5.584589242935180664e-01 0.000000000000000000e+00 1.383234500885009766e+00 1.285442829132080078e+00 0.000000000000000000e+00
7.455544471740722656e-01 1.048611626029014587e-01 0.000000000000000000e+00 1.503772139549255371e+00 1.042074084281921387e+00 0.000000000000000000e+00
1.516340393573045731e-02 1.193104982376098633e+00 0.000000000000000000e+00 1.315659165382385254e+00 6.376153230667114258e-01 0.000000000000000000e+00
3.163920715451240540e-02 1.257585525512695312e+00 0.000000000000000000e+00 1.620215296745300293e+00 9.030320644378662109e-01 0.000000000000000000e+00
1.887592911720275879e+00 9.296268224716186523e-01 0.000000000000000000e+00 6.482781171798706055e-01 4.993234872817993164e-01 0.000000000000000000e+00
7.911970019340515137e-01 1.443025469779968262e-01 0.000000000000000000e+00 1.538138031959533691e+00 9.113094210624694824e-01 0.000000000000000000e+00
5.373493582010269165e-02 1.614010334014892578e+00 0.000000000000000000e+00 2.202494442462921143e-01 3.571855723857879639e-01 0.000000000000000000e+00
9.846964478492736816e-01 1.273523449897766113e+00 0.000000000000000000e+00 5.781358480453491211e-01 1.630742192268371582e+00 0.000000000000000000e+00
2.819833159446716309e-01 1.790076136589050293e+00 0.000000000000000000e+00 6.564867496490478516e-01 2.048583179712295532e-01 0.000000000000000000e+00
1.468389868736267090e+00 6.797932982444763184e-01 0.000000000000000000e+00 1.423667430877685547e+00 8.395671248435974121e-01 0.000000000000000000e+00
2.830150723457336426e-01 1.455178737640380859e+00 0.000000000000000000e+00 4.661625921726226807e-01 1.312861442565917969e-01 0.000000000000000000e+00
1.875419139862060547e+00 5.414436459541320801e-01 0.000000000000000000e+00 6.212036013603210449e-01 9.658719897270202637e-01 0.000000000000000000e+00
2.036622524261474609e+00 8.305176496505737305e-01 0.000000000000000000e+00 4.574350416660308838e-01 1.632152199745178223e-01 0.000000000000000000e+00
1.424767971038818359e+00 6.510541439056396484e-01 0.000000000000000000e+00 1.531674146652221680e+00 7.119704484939575195e-01 0.000000000000000000e+00
4.839171469211578369e-01 1.964422225952148438e+00 0.000000000000000000e+00 6.932047009468078613e-01 3.237821161746978760e-01 0.000000000000000000e+00
7.823220491409301758e-01 1.286516189575195312e+00 0.000000000000000000e+00 1.594422817230224609e+00 2.284207582473754883e+00 0.000000000000000000e+00
1.542804837226867676e+00 9.910901188850402832e-01 0.000000000000000000e+00 1.395767778158187866e-01 2.870128452777862549e-01 0.000000000000000000e+00
2.860225439071655273e-01 9.555273056030273438e-01 0.000000000000000000e+00 1.889445781707763672e+00 2.482715398073196411e-01 0.000000000000000000e+00
9.689075946807861328e-01 8.709760308265686035e-01 0.000000000000000000e+00 1.578188180923461914e+00 5.662823319435119629e-01 0.000000000000000000e+00
1.363551378250122070e+00 1.304345607757568359e+00 0.000000000000000000e+00 9.613376110792160034e-02 4.240628480911254883e-01 0.000000000000000000e+00
9.229346513748168945e-01 1.141303181648254395e-01 0.000000000000000000e+00 1.442657470703125000e+00 5.700157284736633301e-01 0.000000000000000000e+00
3.357415199279785156e-01 1.623090386390686035e+00 0.000000000000000000e+00 2.666113972663879395e-01 1.012416005134582520e+00 0.000000000000000000e+00
1.643271684646606445e+00 6.170853972434997559e-01 0.000000000000000000e+00 8.647920936346054077e-02 1.385329961776733398e+00 0.000000000000000000e+00
1.447346329689025879e+00 5.340895056724548340e-01 0.000000000000000000e+00 1.473958015441894531e+00 7.491747736930847168e-01 0.000000000000000000e+00
8.846921324729919434e-01 0.000000000000000000e+00 0.000000000000000000e+00 1.332107543945312500e+00 7.972428202629089355e-01 0.000000000000000000e+00
0.000000000000000000e+00 9.686653614044189453e-01 0.000000000000000000e+00 1.606663107872009277e+00 1.079591989517211914e+00 0.000000000000000000e+00
1.894743554294109344e-02 9.903435111045837402e-01 0.000000000000000000e+00 1.623072862625122070e+00 9.940696358680725098e-01 0.000000000000000000e+00
1.718886494636535645e+00 7.613530158996582031e-01 0.000000000000000000e+00 7.042965292930603027e-01 7.651888132095336914e-01 0.000000000000000000e+00
8.323602080345153809e-01 1.884685009717941284e-01 0.000000000000000000e+00 1.491495847702026367e+00 1.044252514839172363e+00 0.000000000000000000e+00
1.144768953323364258e+00 1.206483840942382812e+00 0.000000000000000000e+00 3.332541286945343018e-01 1.025649011135101318e-01 0.000000000000000000e+00
1.628275752067565918e+00 1.086577892303466797e+00 0.000000000000000000e+00 2.215420007705688477e-01 2.850727736949920654e-01 0.000000000000000000e+00
1.591075778007507324e+00 4.889530241489410400e-01 0.000000000000000000e+00 6.464361548423767090e-01 1.034845352172851562e+00 0.000000000000000000e+00
0.000000000000000000e+00 1.083004951477050781e+00 0.000000000000000000e+00 1.404804587364196777e+00 9.193695187568664551e-01 0.000000000000000000e+00
1.247271060943603516e+00 5.407612919807434082e-01 0.000000000000000000e+00 1.336112976074218750e+00 8.782886266708374023e-01 0.000000000000000000e+00
8.247981071472167969e-01 1.337101340293884277e+00 0.000000000000000000e+00 1.474931120872497559e+00 5.968213677406311035e-01 0.000000000000000000e+00
1.544764399528503418e+00 3.643672466278076172e-01 0.000000000000000000e+00 1.434847712516784668e+00 9.762639403343200684e-01 0.000000000000000000e+00
1.167021512985229492e+00 9.338024258613586426e-01 0.000000000000000000e+00 1.384565830230712891e+00 1.638195514678955078e+00 0.000000000000000000e+00
2.146537601947784424e-01 1.241759896278381348e+00 0.000000000000000000e+00 1.283791780471801758e+00 1.031233668327331543e+00 0.000000000000000000e+00
7.840911746025085449e-01 1.165936231613159180e+00 0.000000000000000000e+00 1.438691377639770508e+00 1.687424778938293457e+00 0.000000000000000000e+00
1.278017401695251465e+00 6.211926937103271484e-01 0.000000000000000000e+00 1.365910768508911133e+00 8.092709183692932129e-01 0.000000000000000000e+00
1.383573189377784729e-02 9.726036787033081055e-01 0.000000000000000000e+00 1.398448109626770020e+00 8.571344614028930664e-01 0.000000000000000000e+00
0.000000000000000000e+00 1.141332149505615234e+00 0.000000000000000000e+00 1.277050375938415527e+00 5.979246497154235840e-01 0.000000000000000000e+00
4.192856699228286743e-02 9.629858136177062988e-01 0.000000000000000000e+00 1.472076416015625000e+00 1.124212861061096191e+00 0.000000000000000000e+00
2.304300963878631592e-01 1.553875684738159180e+00 0.000000000000000000e+00 6.489004492759704590e-01 2.465201318264007568e-01 0.000000000000000000e+00
1.263421893119812012e+00 8.969907760620117188e-01 0.000000000000000000e+00 4.978608489036560059e-01 1.123967647552490234e+00 0.000000000000000000e+00
1.845179498195648193e-01 8.250849843025207520e-01 0.000000000000000000e+00 0.000000000000000000e+00 9.990922212600708008e-01 0.000000000000000000e+00
1.135167121887207031e+00 3.123533129692077637e-01 0.000000000000000000e+00 1.644297361373901367e+00 5.600765347480773926e-01 0.000000000000000000e+00
8.237781375646591187e-02 1.493657231330871582e+00 0.000000000000000000e+00 5.121135115623474121e-01 4.991280138492584229e-01 0.000000000000000000e+00
9.156569242477416992e-01 1.407358288764953613e+00 0.000000000000000000e+00 1.548059701919555664e+00 2.620293200016021729e-01 0.000000000000000000e+00
1.749010801315307617e+00 1.455833077430725098e+00 0.000000000000000000e+00 1.346635669469833374e-01 7.344791293144226074e-01 0.000000000000000000e+00
1.985921740531921387e+00 4.036710560321807861e-01 0.000000000000000000e+00 2.736763656139373779e-01 1.709467172622680664e+00 0.000000000000000000e+00
2.042977511882781982e-01 1.873606920242309570e+00 0.000000000000000000e+00 4.577861130237579346e-01 7.124677300453186035e-01 0.000000000000000000e+00
1.781538486480712891e+00 3.015393614768981934e-01 0.000000000000000000e+00 5.533955693244934082e-01 6.515882611274719238e-01 0.000000000000000000e+00
1.043662905693054199e+00 1.263566970825195312e+00 0.000000000000000000e+00 7.465190440416336060e-02 5.342997908592224121e-01 0.000000000000000000e+00
1.345591306686401367e+00 4.225210547447204590e-01 0.000000000000000000e+00 1.391647696495056152e+00 6.026766896247863770e-01 0.000000000000000000e+00
1.330744743347167969e+00 5.971999168395996094e-01 0.000000000000000000e+00 1.338225841522216797e+00 9.183155894279479980e-01 0.000000000000000000e+00
1.045487999916076660e+00 4.526512920856475830e-01 0.000000000000000000e+00 1.679208159446716309e+00 6.263337731361389160e-01 0.000000000000000000e+00
1.723544716835021973e+00 9.419851899147033691e-01 0.000000000000000000e+00 3.062984049320220947e-01 4.101759493350982666e-01 0.000000000000000000e+00
1.699344158172607422e+00 4.524870812892913818e-01 0.000000000000000000e+00 6.708480715751647949e-01 1.218645215034484863e+00 0.000000000000000000e+00
1.347180962562561035e+00 5.845134258270263672e-01 0.000000000000000000e+00 1.359868407249450684e+00 8.570712208747863770e-01 0.000000000000000000e+00
9.463355541229248047e-01 1.461409807205200195e+00 0.000000000000000000e+00 1.860943317413330078e+00 1.343249529600143433e-01 0.000000000000000000e+00
2.030737876892089844e+00 4.933723211288452148e-01 0.000000000000000000e+00 4.405324757099151611e-01 1.070141553878784180e+00 0.000000000000000000e+00
1.476786136627197266e+00 1.263091921806335449e+00 0.000000000000000000e+00 1.334690451622009277e-01 5.808538198471069336e-01 0.000000000000000000e+00
1.963209797395393252e-04 9.663071036338806152e-01 0.000000000000000000e+00 1.584247827529907227e+00 1.218199849128723145e+00 0.000000000000000000e+00
1.356898307800292969e+00 7.183078527450561523e-01 0.000000000000000000e+00 3.060297667980194092e-01 1.068956494331359863e+00 0.000000000000000000e+00
8.934497237205505371e-01 1.060443401336669922e+00 0.000000000000000000e+00 1.150924682617187500e+00 6.321185827255249023e-01 0.000000000000000000e+00
1.201093196868896484e+00 8.148507475852966309e-01 0.000000000000000000e+00 1.519231915473937988e+00 4.527052044868469238e-01 0.000000000000000000e+00
1.407842755317687988e+00 2.975123524665832520e-01 0.000000000000000000e+00 1.577918887138366699e+00 6.676387190818786621e-01 0.000000000000000000e+00
9.557127356529235840e-01 1.185532331466674805e+00 0.000000000000000000e+00 0.000000000000000000e+00 2.896089553833007812e-01 0.000000000000000000e+00
1.167018651962280273e+00 6.909305453300476074e-01 0.000000000000000000e+00 1.602193117141723633e+00 8.907836079597473145e-01 0.000000000000000000e+00
1.602350115776062012e+00 5.851876735687255859e-01 0.000000000000000000e+00 6.226057410240173340e-01 9.230752587318420410e-01 0.000000000000000000e+00
2.653188109397888184e-01 1.675068855285644531e+00 0.000000000000000000e+00 4.516254067420959473e-01 7.654605805873870850e-02 0.000000000000000000e+00
1.749116182327270508e+00 2.036773264408111572e-01 0.000000000000000000e+00 5.230857133865356445e-01 6.131891012191772461e-01 0.000000000000000000e+00
8.484064042568206787e-02 1.555306911468505859e+00 0.000000000000000000e+00 1.981161981821060181e-01 5.229594111442565918e-01 0.000000000000000000e+00
0.000000000000000000e+00 1.016678929328918457e+00 0.000000000000000000e+00 1.785492062568664551e+00 9.318132996559143066e-01 0.000000000000000000e+00
9.503105282783508301e-01 1.305094957351684570e+00 0.000000000000000000e+00 1.817271709442138672e+00 1.092298701405525208e-01 0.000000000000000000e+00
7.943060994148254395e-02 1.247450351715087891e+00 0.000000000000000000e+00 1.622649908065795898e+00 9.097976684570312500e-01 0.000000000000000000e+00
5.932009965181350708e-02 1.084941029548645020e+00 0.000000000000000000e+00 1.722843408584594727e+00 1.050263524055480957e+00 0.000000000000000000e+00
9.316306710243225098e-01 1.248038768768310547e+00 0.000000000000000000e+00 1.683603763580322266e+00 5.868136882781982422e-01 0.000000000000000000e+00
7.280954718589782715e-01 1.424723267555236816e+00 0.000000000000000000e+00 8.784760534763336182e-02 4.025928378105163574e-01 0.000000000000000000e+00
3.362295776605606079e-02 1.187425494194030762e+00 0.000000000000000000e+00 1.749678373336791992e+00 7.465416789054870605e-01 0.000000000000000000e+00
1.450691223144531250e+00 6.078460812568664551e-01 0.000000000000000000e+00 1.564900279045104980e+00 7.409164905548095703e-01 0.000000000000000000e+00
1.251362204551696777e+00 6.935544610023498535e-01 0.000000000000000000e+00 1.486759074032306671e-02 1.741050839424133301e+00 0.000000000000000000e+00
2.181799262762069702e-01 1.668822050094604492e+00 0.000000000000000000e+00 3.700470030307769775e-01 9.287096858024597168e-01 0.000000000000000000e+00
0.000000000000000000e+00 1.117031216621398926e+00 0.000000000000000000e+00 1.082835078239440918e+00 4.448156654834747314e-01 0.000000000000000000e+00
1.196704745292663574e+00 1.225391507148742676e+00 0.000000000000000000e+00 3.319423496723175049e-01 1.133467033505439758e-01 0.000000000000000000e+00
1.160792708396911621e+00 6.878143548965454102e-01 0.000000000000000000e+00 1.020527601242065430e+00 1.237011909484863281e+00 0.000000000000000000e+00
1.715666174888610840e+00 4.148174226284027100e-01 0.000000000000000000e+00 5.804821848869323730e-01 9.256644845008850098e-01 0.000000000000000000e+00
9.232778549194335938e-01 1.549124836921691895e+00 0.000000000000000000e+00 1.673222899436950684e+00 4.236834049224853516e-01 0.000000000000000000e+00
1.438430309295654297e+00 6.037374138832092285e-01 0.000000000000000000e+00 1.505644202232360840e+00 8.211792707443237305e-01 0.000000000000000000e+00
2.734955959022045135e-02 1.029080510139465332e+00 0.000000000000000000e+00 1.367111325263977051e+00 1.063046574592590332e+00 0.000000000000000000e+00
1.284078955650329590e+00 5.132507681846618652e-01 0.000000000000000000e+00 1.709615468978881836e+00 7.166619300842285156e-01 0.000000000000000000e+00
1.235278621315956116e-01 1.098870754241943359e+00 0.000000000000000000e+00 1.378297209739685059e+00 7.028208374977111816e-01 0.000000000000000000e+00
9.824393689632415771e-02 1.380313158035278320e+00 0.000000000000000000e+00 4.945840239524841309e-01 1.409502923488616943e-01 0.000000000000000000e+00
7.332618534564971924e-02 1.227670669555664062e+00 0.000000000000000000e+00 4.402344524860382080e-01 1.437489688396453857e-01 0.000000000000000000e+00
1.343917800113558769e-03 1.086682915687561035e+00 0.000000000000000000e+00 1.744306087493896484e+00 8.318051099777221680e-01 0.000000000000000000e+00
1.139370352029800415e-01 1.508126974105834961e+00 0.000000000000000000e+00 2.436354309320449829e-01 7.528306841850280762e-01 0.000000000000000000e+00
1.329869627952575684e+00 5.248420238494873047e-01 0.000000000000000000e+00 1.261303663253784180e+00 5.931068062782287598e-01 0.000000000000000000e+00
5.737967044115066528e-02 1.068589925765991211e+00 0.000000000000000000e+00 1.613778114318847656e+00 1.048474907875061035e+00 0.000000000000000000e+00
1.955922991037368774e-01 1.174720406532287598e+00 0.000000000000000000e+00 1.857917428016662598e+00 4.332522153854370117e-01 0.000000000000000000e+00
8.092246651649475098e-01 1.248648166656494141e+00 0.000000000000000000e+00 1.353646993637084961e+00 5.074527859687805176e-01 0.000000000000000000e+00
1.342763781547546387e+00 3.300475478172302246e-01 0.000000000000000000e+00 1.507794857025146484e+00 6.554192304611206055e-01 0.000000000000000000e+00
1.194402694702148438e+00 1.134962439537048340e+00 0.000000000000000000e+00 2.089938521385192871e-01 4.342173635959625244e-01 0.000000000000000000e+00
1.217578537762165070e-02 1.076123952865600586e+00 0.000000000000000000e+00 1.599642872810363770e+00 1.093078970909118652e+00 0.000000000000000000e+00
1.683620572090148926e+00 4.288505315780639648e-01 0.000000000000000000e+00 7.388970851898193359e-01 1.109024524688720703e+00 0.000000000000000000e+00
7.638731002807617188e-01 1.248515009880065918e+00 0.000000000000000000e+00 5.123331397771835327e-02 0.000000000000000000e+00 0.000000000000000000e+00
1.857881546020507812e+00 7.229530215263366699e-01 0.000000000000000000e+00 7.627307772636413574e-01 7.737537622451782227e-01 0.000000000000000000e+00
2.965865433216094971e-01 5.820935964584350586e-01 0.000000000000000000e+00 9.393158555030822754e-01 1.515764474868774414e+00 0.000000000000000000e+00
1.267357826232910156e+00 6.531147956848144531e-01 0.000000000000000000e+00 1.303235530853271484e+00 5.845051407814025879e-01 0.000000000000000000e+00
1.125407457351684570e+00 1.326474919915199280e-02 0.000000000000000000e+00 1.423517584800720215e+00 7.425794005393981934e-01 0.000000000000000000e+00
1.528417110443115234e+00 5.177964568138122559e-01 0.000000000000000000e+00 6.370069384574890137e-01 1.045556426048278809e+00 0.000000000000000000e+00
2.421928495168685913e-01 1.504121422767639160e+00 0.000000000000000000e+00 6.693883538246154785e-01 1.297682374715805054e-01 0.000000000000000000e+00
8.759616017341613770e-01 1.416973114013671875e+00 0.000000000000000000e+00 1.603619575500488281e+00 5.331535339355468750e-01 0.000000000000000000e+00
1.657912880182266235e-01 1.604520320892333984e+00 0.000000000000000000e+00 4.524458646774291992e-01 3.232855796813964844e-01 0.000000000000000000e+00
1.450226902961730957e+00 6.965114474296569824e-01 0.000000000000000000e+00 1.121200799942016602e+00 6.399966478347778320e-01 0.000000000000000000e+00
2.385695129632949829e-01 1.699597477912902832e+00 0.000000000000000000e+00 5.135646462440490723e-01 9.840424358844757080e-02 0.000000000000000000e+00
1.745142817497253418e+00 5.071725845336914062e-01 0.000000000000000000e+00 5.946605205535888672e-01 9.377112388610839844e-01 0.000000000000000000e+00
9.549869596958160400e-02 1.225263953208923340e+00 0.000000000000000000e+00 1.412953495979309082e+00 9.020494222640991211e-01 0.000000000000000000e+00
1.416432619094848633e+00 3.952393531799316406e-01 0.000000000000000000e+00 1.155462384223937988e+00 8.176522850990295410e-01 0.000000000000000000e+00
1.750238895416259766e+00 5.552377700805664062e-01 0.000000000000000000e+00 7.247821092605590820e-01 1.280366182327270508e+00 0.000000000000000000e+00
0.000000000000000000e+00 1.161710143089294434e+00 0.000000000000000000e+00 2.824563086032867432e-01 1.043817307800054550e-02 0.000000000000000000e+00
1.322858095169067383e+00 1.721292376518249512e+00 0.000000000000000000e+00 3.405888676643371582e-01 5.528874993324279785e-01 0.000000000000000000e+00
1.260194420814514160e+00 9.814848899841308594e-01 0.000000000000000000e+00 1.723946094512939453e+00 9.803618192672729492e-01 0.000000000000000000e+00
2.082276105880737305e+00 6.441892981529235840e-01 0.000000000000000000e+00 3.303603455424308777e-02 1.693536996841430664e+00 0.000000000000000000e+00
1.801274895668029785e+00 5.714268684387207031e-01 0.000000000000000000e+00 0.000000000000000000e+00 1.645081996917724609e+00 0.000000000000000000e+00
1.367380976676940918e+00 8.430877923965454102e-01 0.000000000000000000e+00 3.720128536224365234e-01 1.235485196113586426e+00 0.000000000000000000e+00
8.485613465309143066e-01 1.171018481254577637e+00 0.000000000000000000e+00 1.601855009794235229e-01 9.292174130678176880e-02 0.000000000000000000e+00
1.173270344734191895e+00 1.279598236083984375e+00 0.000000000000000000e+00 1.068192571401596069e-01 7.043598890304565430e-01 0.000000000000000000e+00
2.567925155162811279e-01 1.683307051658630371e+00 0.000000000000000000e+00 4.065472185611724854e-01 2.959033250808715820e-01 0.000000000000000000e+00
1.743442416191101074e+00 5.552852153778076172e-01 0.000000000000000000e+00 6.578382849693298340e-01 7.562450766563415527e-01 0.000000000000000000e+00
2.486716657876968384e-01 1.738886475563049316e+00 0.000000000000000000e+00 4.585419297218322754e-01 4.397740662097930908e-01 0.000000000000000000e+00
1.648303508758544922e+00 4.958878159523010254e-01 0.000000000000000000e+00 5.585820674896240234e-01 1.142524123191833496e+00 0.000000000000000000e+00
1.007736563682556152e+00 1.297189474105834961e+00 0.000000000000000000e+00 1.535321474075317383e+00 7.472980618476867676e-01 0.000000000000000000e+00
2.369011789560317993e-01 1.709773659706115723e+00 0.000000000000000000e+00 3.942902386188507080e-01 4.444960951805114746e-01 0.000000000000000000e+00
1.245793342590332031e+00 7.360825538635253906e-01 0.000000000000000000e+00 9.045667946338653564e-02 1.775259613990783691e+00 0.000000000000000000e+00
1.247621297836303711e+00 1.397561550140380859e+00 0.000000000000000000e+00 4.491482302546501160e-02 4.574740827083587646e-01 0.000000000000000000e+00
1.383573189377784729e-02 9.726036787033081055e-01 0.000000000000000000e+00 1.398448109626770020e+00 8.571344614028930664e-01 0.000000000000000000e+00
1.492406606674194336e+00 5.472056865692138672e-01 0.000000000000000000e+00 1.528970122337341309e+00 8.272979855537414551e-01 0.000000000000000000e+00
1.718181610107421875e+00 4.271543622016906738e-01 0.000000000000000000e+00 4.786797463893890381e-01 1.193181395530700684e+00 0.000000000000000000e+00
1.933941394090652466e-01 1.318357944488525391e+00 0.000000000000000000e+00 1.737678885459899902e+00 8.866503238677978516e-01 0.000000000000000000e+00
1.358763217926025391e+00 6.009542346000671387e-01 0.000000000000000000e+00 1.357093691825866699e+00 8.386511206626892090e-01 0.000000000000000000e+00
2.860225439071655273e-01 9.555273056030273438e-01 0.000000000000000000e+00 1.889445781707763672e+00 2.482715398073196411e-01 0.000000000000000000e+00
8.964030742645263672e-01 1.293088436126708984e+00 0.000000000000000000e+00 1.696861386299133301e+00 9.851216524839401245e-02 0.000000000000000000e+00
7.823220491409301758e-01 1.286516189575195312e+00 0.000000000000000000e+00 1.594422817230224609e+00 2.284207582473754883e+00 0.000000000000000000e+00
1.249346613883972168e+00 4.855737090110778809e-01 0.000000000000000000e+00 4.360580444335937500e-02 1.894394159317016602e+00 0.000000000000000000e+00
1.548743486404418945e+00 9.936926960945129395e-01 0.000000000000000000e+00 2.136749774217605591e-01 2.128011286258697510e-01 0.000000000000000000e+00
1.513725876808166504e+00 1.031369194388389587e-01 0.000000000000000000e+00 1.362629771232604980e+00 8.346762657165527344e-01 0.000000000000000000e+00
7.158474326133728027e-01 1.195144891738891602e+00 0.000000000000000000e+00 3.243490209570154548e-05 5.019556358456611633e-02 0.000000000000000000e+00
1.564301013946533203e+00 1.263317823410034180e+00 0.000000000000000000e+00 8.981534838676452637e-02 5.100315213203430176e-01 0.000000000000000000e+00
1.659649491310119629e+00 1.035134434700012207e+00 0.000000000000000000e+00 1.905956864356994629e-01 3.970282673835754395e-01 0.000000000000000000e+00
1.295948743820190430e+00 7.518249750137329102e-01 0.000000000000000000e+00 1.429161071777343750e+00 7.451438903808593750e-01 0.000000000000000000e+00
1.607025623321533203e+00 4.635836780071258545e-01 0.000000000000000000e+00 5.583192706108093262e-01 1.132712006568908691e+00 0.000000000000000000e+00
2.600213885307312012e-01 8.558100461959838867e-01 0.000000000000000000e+00 1.218761920928955078e+00 1.763749837875366211e+00 0.000000000000000000e+00
9.607695341110229492e-01 3.576951026916503906e-01 0.000000000000000000e+00 1.750232696533203125e+00 6.359360218048095703e-01 0.000000000000000000e+00
1.271755248308181763e-01 1.088430643081665039e+00 0.000000000000000000e+00 1.638612985610961914e+00 9.249998927116394043e-01 0.000000000000000000e+00
1.142315566539764404e-01 1.621032357215881348e+00 0.000000000000000000e+00 3.308616280555725098e-01 4.183598756790161133e-01 0.000000000000000000e+00
0.000000000000000000e+00 1.084837079048156738e+00 0.000000000000000000e+00 1.665833592414855957e+00 8.042612671852111816e-01 0.000000000000000000e+00
1.235873937606811523e+00 6.112303137779235840e-01 0.000000000000000000e+00 2.561335265636444092e-01 1.254159092903137207e+00 0.000000000000000000e+00
1.194509983062744141e+00 4.881625249981880188e-02 0.000000000000000000e+00 1.517610430717468262e+00 5.840204954147338867e-01 0.000000000000000000e+00
1.099497377872467041e-01 1.158551573753356934e+00 0.000000000000000000e+00 1.673001050949096680e+00 1.073068380355834961e+00 0.000000000000000000e+00
2.647798359394073486e-01 1.588892340660095215e+00 0.000000000000000000e+00 5.301300287246704102e-01 9.717110544443130493e-02 0.000000000000000000e+00
1.692439079284667969e+00 4.232485294342041016e-01 0.000000000000000000e+00 6.780679821968078613e-01 1.127239823341369629e+00 0.000000000000000000e+00
9.549869596958160400e-02 1.225263953208923340e+00 0.000000000000000000e+00 1.412953495979309082e+00 9.020494222640991211e-01 0.000000000000000000e+00
1.488604247570037842e-01 1.050745368003845215e+00 0.000000000000000000e+00 1.484268188476562500e+00 9.597498774528503418e-01 0.000000000000000000e+00
9.351938962936401367e-01 1.419233798980712891e+00 0.000000000000000000e+00 6.593960523605346680e-01 1.763799071311950684e+00 0.000000000000000000e+00
1.605354785919189453e+00 7.711598873138427734e-01 0.000000000000000000e+00 7.421537041664123535e-01 1.005789041519165039e+00 0.000000000000000000e+00
1.843895792961120605e+00 5.059204697608947754e-01 0.000000000000000000e+00 6.530553698539733887e-01 1.152935266494750977e+00 0.000000000000000000e+00
1.310433745384216309e+00 1.066020727157592773e+00 0.000000000000000000e+00 1.369554698467254639e-01 2.528969645500183105e-01 0.000000000000000000e+00
1.091326951980590820e+00 2.916174232959747314e-01 0.000000000000000000e+00 1.698327660560607910e+00 5.674734711647033691e-01 0.000000000000000000e+00
1.461937069892883301e+00 1.288415074348449707e+00 0.000000000000000000e+00 4.325546324253082275e-01 3.401138260960578918e-02 0.000000000000000000e+00
2.276405990123748779e-01 1.542528867721557617e+00 0.000000000000000000e+00 6.317273378372192383e-01 2.058936804533004761e-01 0.000000000000000000e+00
2.393080890178680420e-01 1.715425133705139160e+00 0.000000000000000000e+00 4.827988147735595703e-01 3.106552958488464355e-01 0.000000000000000000e+00
2.039833545684814453e+00 5.016195774078369141e-01 0.000000000000000000e+00 1.132934764027595520e-01 1.207057833671569824e+00 0.000000000000000000e+00
1.264516830444335938e+00 3.545252680778503418e-01 0.000000000000000000e+00 1.707483172416687012e+00 6.535629630088806152e-01 0.000000000000000000e+00
8.150358498096466064e-02 1.210470318794250488e+00 0.000000000000000000e+00 1.339537620544433594e+00 7.414212226867675781e-01 0.000000000000000000e+00
4.210033714771270752e-01 1.851961374282836914e+00 0.000000000000000000e+00 6.207171082496643066e-01 1.929367333650588989e-01 0.000000000000000000e+00
1.443299531936645508e+00 3.549752235412597656e-01 0.000000000000000000e+00 1.167182803153991699e+00 9.533349275588989258e-01 0.000000000000000000e+00
2.427040040493011475e-02 1.105962872505187988e+00 0.000000000000000000e+00 1.601448178291320801e+00 8.999059796333312988e-01 0.000000000000000000e+00
1.645796775817871094e+00 1.221918463706970215e+00 0.000000000000000000e+00 1.456407755613327026e-01 4.470061361789703369e-01 0.000000000000000000e+00
7.914555668830871582e-01 1.297521293163299561e-01 0.000000000000000000e+00 1.501056075096130371e+00 1.052510261535644531e+00 0.000000000000000000e+00
2.819833159446716309e-01 1.790076136589050293e+00 0.000000000000000000e+00 6.564867496490478516e-01 2.048583179712295532e-01 0.000000000000000000e+00
1.635896205902099609e+00 1.340969800949096680e+00 0.000000000000000000e+00 2.288883477449417114e-01 3.011209666728973389e-01 0.000000000000000000e+00
1.718886494636535645e+00 7.613530158996582031e-01 0.000000000000000000e+00 7.042965292930603027e-01 7.651888132095336914e-01 0.000000000000000000e+00
1.318419337272644043e+00 1.511689424514770508e+00 0.000000000000000000e+00 4.369183778762817383e-01 1.208412572741508484e-01 0.000000000000000000e+00
7.023236155509948730e-02 1.036054134368896484e+00 0.000000000000000000e+00 1.342366695404052734e+00 7.511060237884521484e-01 0.000000000000000000e+00
1.309645652770996094e+00 1.201202988624572754e+00 0.000000000000000000e+00 1.347698122262954712e-01 4.502879977226257324e-01 0.000000000000000000e+00
1.377780735492706299e-01 1.629416584968566895e+00 0.000000000000000000e+00 3.930691182613372803e-01 7.574387192726135254e-01 0.000000000000000000e+00
1.192713618278503418e+00 1.028592705726623535e+00 0.000000000000000000e+00 1.143803745508193970e-01 2.625495493412017822e-01 0.000000000000000000e+00
3.230222761631011963e-01 1.347566962242126465e+00 0.000000000000000000e+00 1.919598102569580078e+00 4.450674653053283691e-01 0.000000000000000000e+00
1.304610013961791992e+00 5.764537453651428223e-01 0.000000000000000000e+00 1.643934845924377441e+00 7.602615356445312500e-01 0.000000000000000000e+00
1.727741122245788574e+00 3.203640282154083252e-01 0.000000000000000000e+00 5.139765739440917969e-01 1.177535533905029297e+00 0.000000000000000000e+00
7.169079184532165527e-01 0.000000000000000000e+00 0.000000000000000000e+00 1.285641908645629883e+00 9.352155923843383789e-01 0.000000000000000000e+00
1.531447529792785645e+00 1.129385471343994141e+00 0.000000000000000000e+00 4.818108081817626953e-01 5.627076029777526855e-01 0.000000000000000000e+00
1.280033111572265625e+00 1.171235442161560059e+00 0.000000000000000000e+00 2.913855016231536865e-01 0.000000000000000000e+00 0.000000000000000000e+00
1.654028534889221191e+00 1.013518929481506348e+00 0.000000000000000000e+00 2.566946148872375488e-01 1.197833865880966187e-01 0.000000000000000000e+00
7.443191409111022949e-01 1.230574965476989746e+00 0.000000000000000000e+00 4.102390632033348083e-02 0.000000000000000000e+00 0.000000000000000000e+00
1.958516716957092285e+00 4.232789278030395508e-01 0.000000000000000000e+00 5.334119796752929688e-01 1.155931115150451660e+00 0.000000000000000000e+00
6.418327987194061279e-02 1.195166587829589844e+00 0.000000000000000000e+00 1.829249262809753418e+00 8.029886484146118164e-01 0.000000000000000000e+00
1.241790771484375000e+00 2.167890816926956177e-01 0.000000000000000000e+00 1.428552389144897461e+00 5.489794611930847168e-01 0.000000000000000000e+00
1.159253045916557312e-01 1.245122909545898438e+00 0.000000000000000000e+00 1.764127373695373535e+00 4.802207350730895996e-01 0.000000000000000000e+00
6.664612889289855957e-01 1.176201701164245605e+00 0.000000000000000000e+00 0.000000000000000000e+00 3.646938502788543701e-01 0.000000000000000000e+00
2.873424291610717773e-01 1.469542026519775391e+00 0.000000000000000000e+00 5.521644949913024902e-01 1.701477766036987305e-01 0.000000000000000000e+00
1.230795904994010925e-01 9.505958557128906250e-01 0.000000000000000000e+00 1.552904605865478516e+00 1.239405751228332520e+00 0.000000000000000000e+00
8.501372337341308594e-01 1.163946032524108887e+00 0.000000000000000000e+00 0.000000000000000000e+00 3.627909719944000244e-01 0.000000000000000000e+00
1.445343852043151855e+00 1.428812623023986816e+00 0.000000000000000000e+00 4.602729380130767822e-01 1.159973442554473877e-01 0.000000000000000000e+00
1.329598426818847656e-01 1.125105500221252441e+00 0.000000000000000000e+00 1.630672216415405273e+00 1.131413459777832031e+00 0.000000000000000000e+00
1.438922286033630371e+00 4.837020635604858398e-01 0.000000000000000000e+00 1.394978761672973633e+00 7.300823330879211426e-01 0.000000000000000000e+00
2.001460075378417969e+00 5.539462566375732422e-01 0.000000000000000000e+00 7.215917855501174927e-02 1.540151476860046387e+00 0.000000000000000000e+00
1.053398609161376953e+00 6.559960246086120605e-01 0.000000000000000000e+00 9.401376843452453613e-01 1.048508167266845703e+00 0.000000000000000000e+00
1.756536960601806641e-01 1.569639801979064941e+00 0.000000000000000000e+00 6.382480859756469727e-01 3.862527012825012207e-01 0.000000000000000000e+00
2.311128824949264526e-01 1.432847976684570312e+00 0.000000000000000000e+00 4.110623002052307129e-01 2.827126383781433105e-01 0.000000000000000000e+00
1.198309063911437988e+00 5.964111089706420898e-01 0.000000000000000000e+00 7.652232050895690918e-02 1.637645483016967773e+00 0.000000000000000000e+00
1.472268223762512207e+00 1.142729640007019043e+00 0.000000000000000000e+00 2.394789010286331177e-01 2.396206259727478027e-01 0.000000000000000000e+00
1.008883565664291382e-01 1.101150631904602051e+00 0.000000000000000000e+00 1.497135639190673828e+00 8.554706573486328125e-01 0.000000000000000000e+00
1.135333895683288574e+00 1.357551932334899902e+00 0.000000000000000000e+00 1.038949266076087952e-01 8.647256493568420410e-01 0.000000000000000000e+00
1.818313002586364746e+00 2.576495110988616943e-01 0.000000000000000000e+00 4.720921516418457031e-01 1.295755267143249512e+00 0.000000000000000000e+00
8.811269402503967285e-01 1.490038752555847168e+00 0.000000000000000000e+00 1.579277634620666504e+00 5.618184804916381836e-01 0.000000000000000000e+00
1.262836575508117676e+00 2.289747446775436401e-01 0.000000000000000000e+00 1.654340028762817383e+00 6.881318688392639160e-01 0.000000000000000000e+00
1.222588181495666504e+00 1.509889602661132812e+00 0.000000000000000000e+00 9.401033073663711548e-02 5.815340280532836914e-01 0.000000000000000000e+00
1.092371821403503418e+00 2.472281754016876221e-01 0.000000000000000000e+00 1.706081151962280273e+00 5.589263439178466797e-01 0.000000000000000000e+00
1.227573513984680176e+00 1.424922585487365723e+00 0.000000000000000000e+00 3.581258356571197510e-01 0.000000000000000000e+00 0.000000000000000000e+00
1.041124582290649414e+00 1.658826619386672974e-01 0.000000000000000000e+00 1.555467844009399414e+00 8.922505378723144531e-01 0.000000000000000000e+00
3.472307324409484863e-01 1.233362674713134766e+00 0.000000000000000000e+00 1.010764017701148987e-01 1.220924019813537598e+00 0.000000000000000000e+00
1.432672590017318726e-01 1.223047971725463867e+00 0.000000000000000000e+00 1.306655764579772949e+00 1.064110636711120605e+00 0.000000000000000000e+00
1.808101534843444824e+00 5.763785243034362793e-01 0.000000000000000000e+00 2.294327877461910248e-02 1.552877902984619141e+00 0.000000000000000000e+00
1.187458261847496033e-01 1.081331133842468262e+00 0.000000000000000000e+00 1.687913179397583008e+00 7.304955720901489258e-01 0.000000000000000000e+00
0.000000000000000000e+00 1.070555686950683594e+00 0.000000000000000000e+00 1.700267791748046875e+00 7.685654759407043457e-01 0.000000000000000000e+00
1.673918604850769043e+00 6.810980439186096191e-01 0.000000000000000000e+00 6.641259193420410156e-01 7.503009438514709473e-01 0.000000000000000000e+00
1.496572494506835938e-01 1.595314860343933105e+00 0.000000000000000000e+00 2.851289808750152588e-01 4.720044732093811035e-01 0.000000000000000000e+00
2.083495616912841797e+00 4.800714552402496338e-01 0.000000000000000000e+00 0.000000000000000000e+00 1.833746910095214844e+00 0.000000000000000000e+00
1.201302409172058105e+00 8.419945240020751953e-01 0.000000000000000000e+00 1.579333901405334473e+00 4.155476987361907959e-01 0.000000000000000000e+00
0.000000000000000000e+00 9.042412638664245605e-01 0.000000000000000000e+00 1.526056885719299316e+00 1.311972737312316895e+00 0.000000000000000000e+00
1.453632593154907227e+00 1.075938269495964050e-01 0.000000000000000000e+00 1.431808471679687500e+00 7.799213528633117676e-01 0.000000000000000000e+00
8.997372984886169434e-01 1.182188749313354492e+00 0.000000000000000000e+00 1.705061435699462891e+00 3.247995078563690186e-01 0.000000000000000000e+00
1.491828441619873047e+00 5.324095487594604492e-01 0.000000000000000000e+00 1.496213674545288086e+00 8.618648052215576172e-01 0.000000000000000000e+00
1.177889108657836914e+00 6.938138604164123535e-01 0.000000000000000000e+00 2.435863390564918518e-02 1.663849353790283203e+00 0.000000000000000000e+00
7.591723203659057617e-01 1.171363234519958496e+00 0.000000000000000000e+00 1.957808732986450195e+00 0.000000000000000000e+00 0.000000000000000000e+00
1.341174542903900146e-01 1.383222937583923340e+00 0.000000000000000000e+00 5.358480215072631836e-01 4.731423258781433105e-01 0.000000000000000000e+00
1.993011713027954102e+00 1.194493770599365234e+00 0.000000000000000000e+00 2.319320142269134521e-01 7.602940201759338379e-01 0.000000000000000000e+00
1.250401973724365234e+00 1.444262981414794922e+00 0.000000000000000000e+00 1.753115355968475342e-01 5.751509666442871094e-01 0.000000000000000000e+00
6.331583857536315918e-02 1.656362414360046387e+00 0.000000000000000000e+00 2.155945301055908203e-01 6.328337192535400391e-01 0.000000000000000000e+00
7.972301840782165527e-01 1.471129059791564941e+00 0.000000000000000000e+00 1.476014494895935059e+00 4.994315803050994873e-01 0.000000000000000000e+00
1.493631601333618164e+00 2.915389537811279297e-01 0.000000000000000000e+00 1.389975190162658691e+00 8.553501367568969727e-01 0.000000000000000000e+00
1.438671588897705078e+00 3.799003362655639648e-01 0.000000000000000000e+00 1.143326044082641602e+00 7.901083827018737793e-01 0.000000000000000000e+00
7.434799075126647949e-01 1.233361244201660156e+00 0.000000000000000000e+00 3.680699970573186874e-03 0.000000000000000000e+00 0.000000000000000000e+00
3.305334746837615967e-01 2.164170026779174805e+00 0.000000000000000000e+00 4.517543911933898926e-01 1.123500227928161621e+00 0.000000000000000000e+00
1.441334724426269531e+00 9.441115856170654297e-01 0.000000000000000000e+00 1.849984675645828247e-01 3.068692684173583984e-01 0.000000000000000000e+00
1.113132387399673462e-01 1.059127092361450195e+00 0.000000000000000000e+00 1.906848907470703125e+00 5.075122117996215820e-01 0.000000000000000000e+00
1.727109670639038086e+00 1.028681278228759766e+00 0.000000000000000000e+00 2.676967084407806396e-01 4.197289645671844482e-01 0.000000000000000000e+00
1.781328678131103516e+00 3.121477365493774414e-01 0.000000000000000000e+00 5.058149099349975586e-01 8.688549399375915527e-01 0.000000000000000000e+00
1.347180962562561035e+00 5.845134258270263672e-01 0.000000000000000000e+00 1.359868407249450684e+00 8.570712208747863770e-01 0.000000000000000000e+00
1.564814209938049316e+00 3.418083488941192627e-01 0.000000000000000000e+00 4.814661443233489990e-01 9.886868596076965332e-01 0.000000000000000000e+00
1.470385432243347168e+00 7.480389475822448730e-01 0.000000000000000000e+00 5.799100995063781738e-01 5.917512178421020508e-01 0.000000000000000000e+00
2.028384447097778320e+00 1.268921971321105957e+00 0.000000000000000000e+00 8.465859889984130859e-01 5.156295299530029297e-01 0.000000000000000000e+00
9.127090573310852051e-01 1.052513837814331055e+00 0.000000000000000000e+00 1.668005228042602539e+00 1.574548631906509399e-01 0.000000000000000000e+00
1.330744743347167969e+00 5.971999168395996094e-01 0.000000000000000000e+00 1.338225841522216797e+00 9.183155894279479980e-01 0.000000000000000000e+00
1.517133116722106934e+00 9.966668486595153809e-01 0.000000000000000000e+00 1.621624231338500977e-01 2.019214481115341187e-01 0.000000000000000000e+00
1.139520645141601562e+00 2.550960779190063477e-01 0.000000000000000000e+00 1.820251345634460449e+00 6.745129823684692383e-01 0.000000000000000000e+00
1.752618700265884399e-01 1.372070312500000000e+00 0.000000000000000000e+00 1.689414381980895996e+00 6.851512193679809570e-01 0.000000000000000000e+00
1.407842755317687988e+00 2.975123524665832520e-01 0.000000000000000000e+00 1.577918887138366699e+00 6.676387190818786621e-01 0.000000000000000000e+00
1.600698471069335938e+00 1.191484451293945312e+00 0.000000000000000000e+00 1.810169517993927002e-01 5.785892605781555176e-01 0.000000000000000000e+00
1.420048475265502930e+00 5.461679697036743164e-01 0.000000000000000000e+00 6.334803104400634766e-01 8.668086528778076172e-01 0.000000000000000000e+00
1.440409898757934570e+00 3.272657990455627441e-01 0.000000000000000000e+00 1.478891968727111816e+00 8.104834556579589844e-01 0.000000000000000000e+00
1.029559850692749023e+00 1.501235365867614746e+00 0.000000000000000000e+00 1.914568066596984863e+00 1.976894140243530273e-01 0.000000000000000000e+00
9.815447926521301270e-01 1.321250438690185547e+00 0.000000000000000000e+00 0.000000000000000000e+00 2.783291637897491455e-01 0.000000000000000000e+00
2.054731920361518860e-02 1.151105880737304688e+00 0.000000000000000000e+00 1.818771123886108398e+00 8.923192024230957031e-01 0.000000000000000000e+00
3.047347441315650940e-02 9.556769132614135742e-01 0.000000000000000000e+00 1.745359182357788086e+00 5.094170570373535156e-01 0.000000000000000000e+00
1.346928715705871582e+00 6.050549149513244629e-01 0.000000000000000000e+00 1.587524771690368652e+00 7.116752862930297852e-01 0.000000000000000000e+00
1.765911340713500977e+00 4.625978469848632812e-01 0.000000000000000000e+00 6.735258698463439941e-01 1.275067210197448730e+00 0.000000000000000000e+00
1.066608548164367676e+00 1.436684608459472656e+00 0.000000000000000000e+00 0.000000000000000000e+00 9.720670580863952637e-01 0.000000000000000000e+00
7.589623928070068359e-01 0.000000000000000000e+00 0.000000000000000000e+00 1.463070392608642578e+00 8.191926479339599609e-01 0.000000000000000000e+00
1.196771740913391113e+00 9.175900220870971680e-01 0.000000000000000000e+00 4.383009970188140869e-01 1.201897740364074707e+00 0.000000000000000000e+00
9.050942659378051758e-01 1.373626351356506348e+00 0.000000000000000000e+00 1.484898209571838379e+00 5.229413509368896484e-01 0.000000000000000000e+00
1.878860473632812500e+00 5.858901739120483398e-01 0.000000000000000000e+00 1.948774605989456177e-01 1.520788311958312988e+00 0.000000000000000000e+00
1.389075368642807007e-01 1.276063084602355957e+00 0.000000000000000000e+00 1.528549551963806152e+00 7.376692295074462891e-01 0.000000000000000000e+00
8.809987306594848633e-01 1.412395358085632324e+00 0.000000000000000000e+00 1.576201081275939941e+00 4.320150613784790039e-01 0.000000000000000000e+00
8.156440258026123047e-01 1.482547402381896973e+00 0.000000000000000000e+00 1.560327649116516113e+00 4.598511159420013428e-01 0.000000000000000000e+00
1.445343852043151855e+00 1.428812623023986816e+00 0.000000000000000000e+00 4.602729380130767822e-01 1.159973442554473877e-01 0.000000000000000000e+00
1.802482455968856812e-01 1.332966208457946777e+00 0.000000000000000000e+00 1.847062826156616211e+00 1.044135928153991699e+00 0.000000000000000000e+00
4.550459980964660645e-02 1.245994329452514648e+00 0.000000000000000000e+00 1.678262352943420410e+00 9.629029035568237305e-01 0.000000000000000000e+00
1.418647050857543945e+00 5.044398903846740723e-01 0.000000000000000000e+00 1.462193965911865234e+00 6.764216423034667969e-01 0.000000000000000000e+00
1.923861026763916016e+00 1.278144359588623047e+00 0.000000000000000000e+00 2.755970060825347900e-01 6.876681447029113770e-01 0.000000000000000000e+00
9.567214846611022949e-01 6.234847903251647949e-01 0.000000000000000000e+00 1.026481747627258301e+00 1.008581280708312988e+00 0.000000000000000000e+00
1.438430309295654297e+00 6.037374138832092285e-01 0.000000000000000000e+00 1.505644202232360840e+00 8.211792707443237305e-01 0.000000000000000000e+00
1.152999043464660645e+00 1.409123182296752930e+00 0.000000000000000000e+00 3.522620201110839844e-01 8.421558141708374023e-02 0.000000000000000000e+00
7.443191409111022949e-01 1.230574965476989746e+00 0.000000000000000000e+00 4.102390632033348083e-02 0.000000000000000000e+00 0.000000000000000000e+00
2.246536463499069214e-01 5.127115249633789062e-01 0.000000000000000000e+00 1.400052189826965332e+00 1.891726970672607422e+00 0.000000000000000000e+00
1.062693357467651367e+00 3.554396331310272217e-03 0.000000000000000000e+00 1.421236991882324219e+00 7.451026439666748047e-01 0.000000000000000000e+00
1.743442416191101074e+00 5.552852153778076172e-01 0.000000000000000000e+00 6.578382849693298340e-01 7.562450766563415527e-01 0.000000000000000000e+00
3.648659586906433105e-01 7.998576164245605469e-01 0.000000000000000000e+00 1.409312009811401367e+00 1.937713980674743652e+00 0.000000000000000000e+00
1.551246881484985352e+00 1.256475925445556641e+00 0.000000000000000000e+00 4.748578369617462158e-01 1.556224748492240906e-02 0.000000000000000000e+00
1.530341386795043945e+00 1.167978882789611816e+00 0.000000000000000000e+00 2.176853269338607788e-01 3.603583872318267822e-01 0.000000000000000000e+00
2.823480963706970215e-02 1.133377671241760254e+00 0.000000000000000000e+00 1.761635780334472656e+00 8.295361995697021484e-01 0.000000000000000000e+00
8.246300220489501953e-01 1.575297415256500244e-01 0.000000000000000000e+00 1.391108989715576172e+00 8.768907189369201660e-01 0.000000000000000000e+00
1.661483645439147949e+00 6.720230579376220703e-01 0.000000000000000000e+00 6.132080554962158203e-01 7.220920920372009277e-01 0.000000000000000000e+00
1.489133000373840332e+00 1.051351070404052734e+00 0.000000000000000000e+00 1.418094336986541748e-01 2.694267928600311279e-01 0.000000000000000000e+00
1.304402500391006470e-01 1.136443138122558594e+00 0.000000000000000000e+00 1.639908194541931152e+00 7.335550189018249512e-01 0.000000000000000000e+00
1.362967967987060547e+00 1.387347579002380371e+00 0.000000000000000000e+00 2.499077767133712769e-01 5.535274744033813477e-01 0.000000000000000000e+00
8.486494421958923340e-01 1.096609115600585938e+00 0.000000000000000000e+00 0.000000000000000000e+00 3.473677635192871094e-01 0.000000000000000000e+00
1.485363245010375977e+00 6.763570904731750488e-01 0.000000000000000000e+00 1.422572016716003418e+00 8.260895609855651855e-01 0.000000000000000000e+00
1.279452085494995117e+00 3.488654792308807373e-01 0.000000000000000000e+00 1.113990545272827148e+00 8.149417042732238770e-01 0.000000000000000000e+00
0.000000000000000000e+00 1.045572280883789062e+00 0.000000000000000000e+00 1.121004819869995117e+00 7.760661840438842773e-01 0.000000000000000000e+00
1.457927346229553223e+00 1.160691976547241211e+00 0.000000000000000000e+00 1.553631663322448730e+00 6.253691911697387695e-01 0.000000000000000000e+00
3.261379897594451904e-02 9.557337164878845215e-01 0.000000000000000000e+00 1.612722516059875488e+00 1.162477731704711914e+00 0.000000000000000000e+00
1.227765917778015137e+00 4.582557678222656250e-01 0.000000000000000000e+00 1.424630641937255859e+00 8.373766541481018066e-01 0.000000000000000000e+00
1.137007713317871094e+00 8.849202990531921387e-01 0.000000000000000000e+00 1.231561824679374695e-01 2.897201180458068848e-01 0.000000000000000000e+00
1.171002984046936035e+00 8.213155865669250488e-01 0.000000000000000000e+00 1.591090917587280273e+00 4.312602281570434570e-01 0.000000000000000000e+00
3.440358936786651611e-01 1.360287070274353027e+00 0.000000000000000000e+00 3.147331178188323975e-01 1.302172780036926270e+00 0.000000000000000000e+00
8.708467334508895874e-02 1.004470467567443848e+00 0.000000000000000000e+00 1.611632347106933594e+00 1.218996167182922363e+00 0.000000000000000000e+00
1.316863059997558594e+00 1.661859750747680664e+00 0.000000000000000000e+00 4.059545099735260010e-01 8.576636016368865967e-02 0.000000000000000000e+00
1.387215733528137207e+00 3.199678361415863037e-01 0.000000000000000000e+00 1.596217989921569824e+00 9.260049462318420410e-01 0.000000000000000000e+00
1.600577712059020996e+00 6.268015503883361816e-01 0.000000000000000000e+00 3.868810236454010010e-01 1.205673336982727051e+00 0.000000000000000000e+00
0.000000000000000000e+00 1.109681248664855957e+00 0.000000000000000000e+00 1.078382015228271484e+00 8.365539312362670898e-01 0.000000000000000000e+00
1.446114897727966309e+00 1.169537067413330078e+00 0.000000000000000000e+00 1.630911469459533691e+00 5.533770322799682617e-01 0.000000000000000000e+00
9.208405017852783203e-01 1.472292304039001465e+00 0.000000000000000000e+00 1.670041918754577637e+00 3.920878767967224121e-01 0.000000000000000000e+00
1.109320878982543945e+00 3.847728669643402100e-01 0.000000000000000000e+00 1.759205222129821777e+00 7.597733736038208008e-01 0.000000000000000000e+00
1.502144575119018555e+00 1.022116661071777344e+00 0.000000000000000000e+00 1.277830004692077637e-01 2.100538015365600586e-01 0.000000000000000000e+00
1.489133000373840332e+00 1.051351070404052734e+00 0.000000000000000000e+00 1.418094336986541748e-01 2.694267928600311279e-01 0.000000000000000000e+00
1.415930867195129395e+00 6.110680699348449707e-01 0.000000000000000000e+00 1.298868894577026367e+00 7.124277353286743164e-01 0.000000000000000000e+00
1.496572494506835938e-01 1.595314860343933105e+00 0.000000000000000000e+00 2.851289808750152588e-01 4.720044732093811035e-01 0.000000000000000000e+00
1.341202020645141602e+00 6.597527861595153809e-01 0.000000000000000000e+00 1.459921836853027344e+00 6.615494489669799805e-01 0.000000000000000000e+00
1.502144575119018555e+00 1.022116661071777344e+00 0.000000000000000000e+00 1.277830004692077637e-01 2.100538015365600586e-01 0.000000000000000000e+00
3.559940755367279053e-01 1.653061747550964355e+00 0.000000000000000000e+00 6.114746928215026855e-01 1.883778423070907593e-01 0.000000000000000000e+00
1.513413310050964355e+00 1.136812806129455566e+00 0.000000000000000000e+00 1.775820553302764893e-01 3.334265351295471191e-01 0.000000000000000000e+00
2.079210430383682251e-01 1.068583369255065918e+00 0.000000000000000000e+00 1.776920437812805176e+00 4.827933311462402344e-01 0.000000000000000000e+00
2.157338112592697144e-01 1.522227406501770020e+00 0.000000000000000000e+00 2.755274176597595215e-01 6.157447099685668945e-01 0.000000000000000000e+00
1.743183612823486328e+00 4.121561944484710693e-01 0.000000000000000000e+00 4.740001559257507324e-01 1.181874632835388184e+00 0.000000000000000000e+00
1.358420252799987793e+00 5.122163295745849609e-01 0.000000000000000000e+00 1.518229007720947266e+00 6.914637684822082520e-01 0.000000000000000000e+00
1.690428972244262695e+00 1.035288095474243164e+00 0.000000000000000000e+00 1.753572225570678711e-01 3.092925846576690674e-01 0.000000000000000000e+00
3.512613177299499512e-01 1.517795324325561523e+00 0.000000000000000000e+00 5.594387650489807129e-01 7.116706669330596924e-02 0.000000000000000000e+00
4.343626201152801514e-01 2.189551591873168945e+00 0.000000000000000000e+00 6.616784930229187012e-01 3.521960079669952393e-01 0.000000000000000000e+00
7.332618534564971924e-02 1.227670669555664062e+00 0.000000000000000000e+00 4.402344524860382080e-01 1.437489688396453857e-01 0.000000000000000000e+00
7.514138817787170410e-01 3.887265548110008240e-02 0.000000000000000000e+00 1.508307695388793945e+00 1.039623022079467773e+00 0.000000000000000000e+00
1.823114395141601562e+00 4.590279757976531982e-01 0.000000000000000000e+00 4.249144196510314941e-01 8.919706344604492188e-01 0.000000000000000000e+00
1.282999992370605469e+00 5.845152139663696289e-01 0.000000000000000000e+00 1.481885313987731934e+00 6.111590862274169922e-01 0.000000000000000000e+00
2.257928848266601562e-01 1.411312460899353027e+00 0.000000000000000000e+00 1.458086848258972168e+00 1.053928852081298828e+00 0.000000000000000000e+00
1.374177455902099609e+00 6.394503116607666016e-01 0.000000000000000000e+00 1.535116672515869141e+00 7.212468981742858887e-01 0.000000000000000000e+00
2.830150723457336426e-01 1.455178737640380859e+00 0.000000000000000000e+00 4.661625921726226807e-01 1.312861442565917969e-01 0.000000000000000000e+00
4.912059903144836426e-01 2.136303663253784180e+00 0.000000000000000000e+00 6.970087885856628418e-01 3.099050819873809814e-01 0.000000000000000000e+00
1.073917031288146973e+00 1.281209588050842285e+00 0.000000000000000000e+00 1.015406101942062378e-01 1.239347979426383972e-01 0.000000000000000000e+00
7.436903566122055054e-02 1.341973662376403809e+00 0.000000000000000000e+00 2.205666899681091309e-01 5.664537549018859863e-01 0.000000000000000000e+00
9.881475567817687988e-01 1.234785318374633789e+00 0.000000000000000000e+00 0.000000000000000000e+00 7.889814376831054688e-01 0.000000000000000000e+00
0.000000000000000000e+00 9.439250230789184570e-01 0.000000000000000000e+00 1.570173740386962891e+00 1.056669354438781738e+00 0.000000000000000000e+00
0.000000000000000000e+00 8.195265531539916992e-01 0.000000000000000000e+00 1.761901259422302246e+00 1.218457460403442383e+00 0.000000000000000000e+00
1.191769242286682129e+00 1.629034996032714844e+00 0.000000000000000000e+00 3.953381478786468506e-01 2.297201305627822876e-01 0.000000000000000000e+00
1.260431051254272461e+00 1.479849338531494141e+00 0.000000000000000000e+00 1.543148159980773926e-01 5.407338142395019531e-01 0.000000000000000000e+00
2.319919317960739136e-01 1.293095350265502930e+00 0.000000000000000000e+00 4.734342694282531738e-01 2.318398803472518921e-01 0.000000000000000000e+00
1.697888851165771484e+00 5.398258566856384277e-01 0.000000000000000000e+00 7.307503819465637207e-01 1.031842350959777832e+00 0.000000000000000000e+00
1.124630331993103027e+00 1.498159289360046387e+00 0.000000000000000000e+00 7.530733197927474976e-02 8.633992671966552734e-01 0.000000000000000000e+00
8.739385604858398438e-01 1.222630977630615234e+00 0.000000000000000000e+00 1.387930989265441895e+00 5.801070928573608398e-01 0.000000000000000000e+00
4.621345177292823792e-02 7.611687183380126953e-01 0.000000000000000000e+00 1.739336133003234863e+00 2.809223532676696777e-01 0.000000000000000000e+00
1.650301814079284668e+00 1.074877023696899414e+00 0.000000000000000000e+00 2.166704088449478149e-01 3.294374942779541016e-01 0.000000000000000000e+00
2.643169462680816650e-01 1.571008801460266113e+00 0.000000000000000000e+00 4.557100534439086914e-01 2.021520584821701050e-01 0.000000000000000000e+00
6.217173337936401367e-01 2.321710586547851562e+00 0.000000000000000000e+00 1.875330328941345215e+00 1.198037505149841309e+00 0.000000000000000000e+00
1.240625858306884766e+00 7.973279953002929688e-01 0.000000000000000000e+00 4.174300134181976318e-01 1.325656890869140625e+00 0.000000000000000000e+00
0.000000000000000000e+00 1.036158442497253418e+00 0.000000000000000000e+00 1.818193078041076660e+00 7.922752499580383301e-01 0.000000000000000000e+00
1.205107688903808594e+00 4.425486624240875244e-01 0.000000000000000000e+00 9.735079854726791382e-02 1.782251954078674316e+00 0.000000000000000000e+00
1.248706057667732239e-01 1.607464432716369629e+00 0.000000000000000000e+00 3.047470450401306152e-01 4.423228502273559570e-01 0.000000000000000000e+00
1.319849610328674316e+00 5.840023756027221680e-01 0.000000000000000000e+00 1.443211913108825684e+00 6.422595381736755371e-01 0.000000000000000000e+00
1.685153007507324219e+00 1.234518766403198242e+00 0.000000000000000000e+00 5.716660022735595703e-01 5.894903540611267090e-01 0.000000000000000000e+00
1.173443913459777832e+00 6.696410179138183594e-01 0.000000000000000000e+00 1.030326962471008301e+00 1.159217953681945801e+00 0.000000000000000000e+00
1.201362490653991699e+00 7.619504332542419434e-01 0.000000000000000000e+00 1.246267259120941162e-01 1.692346930503845215e+00 0.000000000000000000e+00
1.453893899917602539e+00 1.165135622024536133e+00 0.000000000000000000e+00 2.034584581851959229e-01 2.562295198440551758e-01 0.000000000000000000e+00
1.241374850273132324e+00 4.614590108394622803e-01 0.000000000000000000e+00 1.590314865112304688e+00 6.131764650344848633e-01 0.000000000000000000e+00
2.872572541236877441e-01 1.484478950500488281e+00 0.000000000000000000e+00 5.231346487998962402e-01 1.812914609909057617e-01 0.000000000000000000e+00
9.786118865013122559e-01 9.651894122362136841e-02 0.000000000000000000e+00 1.553280353546142578e+00 7.903619408607482910e-01 0.000000000000000000e+00
1.373499989509582520e+00 1.161954045295715332e+00 0.000000000000000000e+00 2.336786985397338867e-01 4.831626117229461670e-01 0.000000000000000000e+00
1.635032296180725098e+00 5.424383878707885742e-01 0.000000000000000000e+00 6.925678253173828125e-01 1.104855179786682129e+00 0.000000000000000000e+00
1.358050227165222168e+00 6.064324975013732910e-01 0.000000000000000000e+00 1.530058383941650391e+00 6.844431757926940918e-01 0.000000000000000000e+00
7.591761648654937744e-03 1.072841644287109375e+00 0.000000000000000000e+00 1.099173069000244141e+00 9.041740298271179199e-01 0.000000000000000000e+00
9.231019616127014160e-01 1.458140492439270020e+00 0.000000000000000000e+00 1.644989013671875000e+00 5.885349512100219727e-01 0.000000000000000000e+00
1.256901502609252930e+00 1.478277325630187988e+00 0.000000000000000000e+00 1.509416699409484863e-01 6.758707165718078613e-01 0.000000000000000000e+00
7.785283327102661133e-01 9.281336516141891479e-02 0.000000000000000000e+00 1.543378114700317383e+00 1.106578588485717773e+00 0.000000000000000000e+00
0.000000000000000000e+00 1.029000759124755859e+00 0.000000000000000000e+00 1.849281907081604004e+00 8.244258761405944824e-01 0.000000000000000000e+00
1.467710375785827637e+00 1.348967552185058594e+00 0.000000000000000000e+00 7.254358381032943726e-02 7.281388640403747559e-01 0.000000000000000000e+00
9.926334619522094727e-01 1.390396475791931152e+00 0.000000000000000000e+00 1.721706151962280273e+00 4.274181723594665527e-01 0.000000000000000000e+00
1.174881219863891602e+00 1.106601119041442871e+00 0.000000000000000000e+00 3.591922521591186523e-01 8.450147509574890137e-02 0.000000000000000000e+00
2.242961168289184570e+00 1.034832239151000977e+00 0.000000000000000000e+00 7.216838598251342773e-01 1.237969994544982910e+00 0.000000000000000000e+00
8.334697484970092773e-01 1.270151257514953613e+00 0.000000000000000000e+00 1.449475884437561035e+00 4.731301665306091309e-01 0.000000000000000000e+00
1.326031684875488281e+00 5.616168975830078125e-01 0.000000000000000000e+00 1.602351903915405273e+00 7.007488608360290527e-01 0.000000000000000000e+00
9.144225716590881348e-01 1.338407039642333984e+00 0.000000000000000000e+00 1.527022838592529297e+00 4.495283365249633789e-01 0.000000000000000000e+00
2.203046232461929321e-01 1.691422462463378906e+00 0.000000000000000000e+00 3.905198276042938232e-01 1.863835901021957397e-01 0.000000000000000000e+00
1.909377574920654297e+00 4.362133145332336426e-01 0.000000000000000000e+00 3.951677978038787842e-01 9.145991206169128418e-01 0.000000000000000000e+00
1.292236298322677612e-01 1.256831169128417969e+00 0.000000000000000000e+00 1.702824831008911133e+00 1.080658793449401855e+00 0.000000000000000000e+00
1.140246868133544922e+00 6.538227796554565430e-01 0.000000000000000000e+00 1.476568222045898438e+00 4.952840507030487061e-01 0.000000000000000000e+00
2.696886658668518066e-01 1.864139199256896973e+00 0.000000000000000000e+00 5.566046237945556641e-01 4.246700108051300049e-01 0.000000000000000000e+00
1.740739107131958008e+00 6.254718303680419922e-01 0.000000000000000000e+00 6.285993456840515137e-01 1.099968075752258301e+00 0.000000000000000000e+00
1.987904310226440430e+00 9.690312147140502930e-01 0.000000000000000000e+00 4.040771722793579102e-01 1.231077536940574646e-01 0.000000000000000000e+00
1.022611021995544434e+00 6.623725295066833496e-01 0.000000000000000000e+00 1.484082460403442383e+00 9.886904358863830566e-01 0.000000000000000000e+00
1.594413638114929199e+00 4.897243082523345947e-01 0.000000000000000000e+00 5.751298069953918457e-01 1.034810543060302734e+00 0.000000000000000000e+00
1.572161197662353516e+00 7.187621593475341797e-01 0.000000000000000000e+00 7.142593860626220703e-01 9.788340330123901367e-01 0.000000000000000000e+00
1.308422327041625977e+00 1.444923162460327148e+00 0.000000000000000000e+00 3.786013424396514893e-01 0.000000000000000000e+00 0.000000000000000000e+00
1.394326806068420410e+00 5.020031929016113281e-01 0.000000000000000000e+00 1.532267212867736816e+00 7.745280861854553223e-01 0.000000000000000000e+00
1.773115992546081543e+00 8.090999722480773926e-01 0.000000000000000000e+00 8.244203329086303711e-01 7.070116400718688965e-01 0.000000000000000000e+00
1.059518337249755859e+00 1.554472684860229492e+00 0.000000000000000000e+00 3.974514603614807129e-01 1.781570166349411011e-01 0.000000000000000000e+00
2.181799262762069702e-01 1.668822050094604492e+00 0.000000000000000000e+00 3.700470030307769775e-01 9.287096858024597168e-01 0.000000000000000000e+00
8.067419528961181641e-01 1.616144329309463501e-01 0.000000000000000000e+00 1.561551928520202637e+00 9.239255785942077637e-01 0.000000000000000000e+00
1.342584371566772461e+00 4.704960882663726807e-01 0.000000000000000000e+00 1.566734075546264648e+00 6.409382224082946777e-01 0.000000000000000000e+00
1.329295039176940918e+00 1.022080898284912109e+00 0.000000000000000000e+00 1.592164993286132812e+00 5.559181571006774902e-01 0.000000000000000000e+00
1.159114688634872437e-01 1.244457125663757324e+00 0.000000000000000000e+00 1.778818130493164062e+00 8.217210173606872559e-01 0.000000000000000000e+00
1.156695038080215454e-01 1.058002829551696777e+00 0.000000000000000000e+00 1.741725325584411621e+00 4.763211309909820557e-01 0.000000000000000000e+00
1.296933054924011230e+00 9.462091326713562012e-01 0.000000000000000000e+00 1.681338548660278320e+00 4.951965510845184326e-01 0.000000000000000000e+00
2.654995918273925781e-01 1.611906647682189941e+00 0.000000000000000000e+00 3.329629898071289062e-01 1.003418684005737305e+00 0.000000000000000000e+00
1.256081648170948029e-02 9.892856478691101074e-01 0.000000000000000000e+00 1.757849931716918945e+00 6.890631914138793945e-01 0.000000000000000000e+00
9.229346513748168945e-01 1.141303181648254395e-01 0.000000000000000000e+00 1.442657470703125000e+00 5.700157284736633301e-01 0.000000000000000000e+00
9.704853594303131104e-02 1.190300345420837402e+00 0.000000000000000000e+00 1.320785403251647949e+00 7.832126021385192871e-01 0.000000000000000000e+00
1.026871085166931152e+00 1.449419736862182617e+00 0.000000000000000000e+00 1.831210255622863770e+00 2.101360112428665161e-01 0.000000000000000000e+00
1.620971918106079102e+00 1.827274262905120850e-01 0.000000000000000000e+00 4.841833412647247314e-01 1.039670705795288086e+00 0.000000000000000000e+00
1.532946527004241943e-01 1.678437352180480957e+00 0.000000000000000000e+00 4.750709831714630127e-01 6.158280968666076660e-01 0.000000000000000000e+00
1.598612546920776367e+00 9.879999160766601562e-01 0.000000000000000000e+00 1.963312476873397827e-01 6.171194314956665039e-01 0.000000000000000000e+00
1.278093099594116211e+00 4.034729003906250000e-01 0.000000000000000000e+00 1.591142177581787109e+00 6.289826035499572754e-01 0.000000000000000000e+00
1.282999992370605469e+00 5.845152139663696289e-01 0.000000000000000000e+00 1.481885313987731934e+00 6.111590862274169922e-01 0.000000000000000000e+00
2.654995918273925781e-01 1.611906647682189941e+00 0.000000000000000000e+00 3.329629898071289062e-01 1.003418684005737305e+00 0.000000000000000000e+00
1.276532292366027832e+00 7.612892389297485352e-01 0.000000000000000000e+00 3.200022280216217041e-01 1.302549839019775391e+00 0.000000000000000000e+00
1.004295110702514648e+00 0.000000000000000000e+00 0.000000000000000000e+00 1.261904239654541016e+00 5.265569090843200684e-01 0.000000000000000000e+00
1.194402694702148438e+00 1.134962439537048340e+00 0.000000000000000000e+00 2.089938521385192871e-01 4.342173635959625244e-01 0.000000000000000000e+00
2.774498164653778076e-01 1.813835263252258301e+00 0.000000000000000000e+00 4.453804790973663330e-01 4.443413615226745605e-01 0.000000000000000000e+00
1.342584371566772461e+00 4.704960882663726807e-01 0.000000000000000000e+00 1.566734075546264648e+00 6.409382224082946777e-01 0.000000000000000000e+00
3.911365568637847900e-02 9.230329394340515137e-01 0.000000000000000000e+00 1.597709655761718750e+00 1.084483623504638672e+00 0.000000000000000000e+00
1.362967967987060547e+00 1.387347579002380371e+00 0.000000000000000000e+00 2.499077767133712769e-01 5.535274744033813477e-01 0.000000000000000000e+00
0.000000000000000000e+00 9.698240756988525391e-01 0.000000000000000000e+00 1.816526174545288086e+00 7.812998294830322266e-01 0.000000000000000000e+00
0.000000000000000000e+00 1.091729283332824707e+00 0.000000000000000000e+00 1.705011129379272461e+00 9.636105895042419434e-01 0.000000000000000000e+00
1.357118248939514160e+00 8.118898868560791016e-01 0.000000000000000000e+00 1.592430114746093750e+00 7.316098809242248535e-01 0.000000000000000000e+00
1.250061154365539551e+00 5.694030523300170898e-01 0.000000000000000000e+00 1.609908699989318848e+00 6.467124223709106445e-01 0.000000000000000000e+00
1.756536960601806641e-01 1.569639801979064941e+00 0.000000000000000000e+00 6.382480859756469727e-01 3.862527012825012207e-01 0.000000000000000000e+00
1.116266608238220215e+00 1.519056439399719238e+00 0.000000000000000000e+00 3.907563388347625732e-01 1.956907063722610474e-01 0.000000000000000000e+00
1.458745002746582031e+00 1.343828201293945312e+00 0.000000000000000000e+00 2.527472376823425293e-01 4.937010109424591064e-01 0.000000000000000000e+00
1.497238039970397949e+00 4.497280716896057129e-01 0.000000000000000000e+00 1.391170024871826172e+00 8.883059024810791016e-01 0.000000000000000000e+00
1.536857962608337402e+00 1.108209133148193359e+00 0.000000000000000000e+00 3.083576261997222900e-01 3.260842561721801758e-01 0.000000000000000000e+00
2.133693456649780273e+00 3.589259982109069824e-01 0.000000000000000000e+00 0.000000000000000000e+00 1.940788269042968750e+00 0.000000000000000000e+00
1.321097731590270996e+00 1.239425659179687500e+00 0.000000000000000000e+00 2.453461587429046631e-01 4.324155449867248535e-01 0.000000000000000000e+00
7.766776718199253082e-03 1.073087811470031738e+00 0.000000000000000000e+00 1.180407762527465820e+00 7.922962903976440430e-01 0.000000000000000000e+00
1.459426283836364746e+00 9.954727292060852051e-01 0.000000000000000000e+00 2.104798704385757446e-01 2.574035227298736572e-01 0.000000000000000000e+00
1.408101081848144531e+00 3.817997574806213379e-01 0.000000000000000000e+00 1.539879918098449707e+00 7.377188205718994141e-01 0.000000000000000000e+00
1.749010801315307617e+00 1.455833077430725098e+00 0.000000000000000000e+00 1.346635669469833374e-01 7.344791293144226074e-01 0.000000000000000000e+00
1.752618700265884399e-01 1.372070312500000000e+00 0.000000000000000000e+00 1.689414381980895996e+00 6.851512193679809570e-01 0.000000000000000000e+00
1.878664493560791016e+00 1.023988246917724609e+00 0.000000000000000000e+00 7.737698554992675781e-01 3.767639994621276855e-01 0.000000000000000000e+00
1.230337858200073242e+00 5.921839475631713867e-01 0.000000000000000000e+00 1.492783874273300171e-01 1.674763560295104980e+00 0.000000000000000000e+00
1.045693635940551758e+00 5.626689791679382324e-01 0.000000000000000000e+00 1.235905170440673828e+00 9.278038144111633301e-01 0.000000000000000000e+00
2.999570593237876892e-02 1.052160739898681641e+00 0.000000000000000000e+00 1.118024468421936035e+00 9.810824394226074219e-01 0.000000000000000000e+00
2.873677909374237061e-01 1.890726089477539062e+00 0.000000000000000000e+00 4.207945466041564941e-01 3.566853106021881104e-01 0.000000000000000000e+00
1.352352738380432129e+00 6.506838202476501465e-01 0.000000000000000000e+00 1.439973950386047363e+00 8.268917798995971680e-01 0.000000000000000000e+00
1.040938496589660645e+00 8.627176880836486816e-01 0.000000000000000000e+00 1.633393764495849609e+00 6.169236302375793457e-01 0.000000000000000000e+00
2.264683544635772705e-01 1.670308947563171387e+00 0.000000000000000000e+00 2.395069301128387451e-01 7.460582256317138672e-01 0.000000000000000000e+00
1.186479687690734863e+00 5.528373718261718750e-01 0.000000000000000000e+00 1.474596977233886719e+00 5.449553728103637695e-01 0.000000000000000000e+00
6.472395360469818115e-02 1.129484415054321289e+00 0.000000000000000000e+00 1.819969415664672852e+00 9.827339053153991699e-01 0.000000000000000000e+00
1.209705352783203125e+00 1.527099013328552246e+00 0.000000000000000000e+00 1.114513203501701355e-01 6.073779463768005371e-01 0.000000000000000000e+00
1.686903238296508789e+00 5.622991323471069336e-01 0.000000000000000000e+00 7.211801409721374512e-01 1.033431649208068848e+00 0.000000000000000000e+00
1.334921956062316895e+00 5.713416337966918945e-01 0.000000000000000000e+00 1.616782188415527344e+00 7.644665241241455078e-01 0.000000000000000000e+00
1.002099394798278809e+00 1.507247686386108398e+00 0.000000000000000000e+00 1.766067147254943848e+00 2.758144438266754150e-01 0.000000000000000000e+00
1.374177455902099609e+00 6.394503116607666016e-01 0.000000000000000000e+00 1.535116672515869141e+00 7.212468981742858887e-01 0.000000000000000000e+00
1.932944655418395996e+00 9.030584096908569336e-01 0.000000000000000000e+00 6.852210164070129395e-01 6.143353581428527832e-01 0.000000000000000000e+00
1.007147282361984253e-01 1.122985005378723145e+00 0.000000000000000000e+00 1.547528266906738281e+00 1.310037374496459961e+00 0.000000000000000000e+00
1.524024605751037598e-01 1.747750401496887207e+00 0.000000000000000000e+00 3.832489252090454102e-01 8.255130648612976074e-01 0.000000000000000000e+00
3.394544357433915138e-03 1.104307532310485840e+00 0.000000000000000000e+00 9.769981503486633301e-01 6.631563901901245117e-01 0.000000000000000000e+00
1.456856369972229004e+00 1.008101463317871094e+00 0.000000000000000000e+00 6.606447696685791016e-01 6.176979541778564453e-01 0.000000000000000000e+00
1.168185234069824219e+00 1.418897390365600586e+00 0.000000000000000000e+00 3.826766610145568848e-01 5.934739857912063599e-02 0.000000000000000000e+00
1.635311365127563477e+00 1.187231540679931641e+00 0.000000000000000000e+00 1.434562504291534424e-01 4.764280617237091064e-01 0.000000000000000000e+00
1.504854559898376465e+00 6.658269762992858887e-01 0.000000000000000000e+00 1.526056408882141113e+00 8.074994683265686035e-01 0.000000000000000000e+00
1.400992393493652344e+00 1.025654315948486328e+00 0.000000000000000000e+00 1.499686002731323242e+00 5.555890798568725586e-01 0.000000000000000000e+00
1.288396835327148438e+00 1.168748497962951660e+00 0.000000000000000000e+00 2.527296543121337891e-01 5.230919718742370605e-01 0.000000000000000000e+00
1.323855638504028320e+00 7.084251046180725098e-01 0.000000000000000000e+00 1.399862647056579590e+00 5.548710227012634277e-01 0.000000000000000000e+00
0.000000000000000000e+00 1.043313384056091309e+00 0.000000000000000000e+00 1.838891386985778809e+00 7.144655585289001465e-01 0.000000000000000000e+00
1.727109670639038086e+00 1.028681278228759766e+00 0.000000000000000000e+00 2.676967084407806396e-01 4.197289645671844482e-01 0.000000000000000000e+00
6.698210258036851883e-03 1.033018946647644043e+00 0.000000000000000000e+00 1.705905079841613770e+00 1.077025413513183594e+00 0.000000000000000000e+00
0.000000000000000000e+00 3.599585294723510742e-01 0.000000000000000000e+00 1.161930084228515625e+00 1.355999469757080078e+00 0.000000000000000000e+00
3.262861371040344238e-01 1.613814473152160645e+00 0.000000000000000000e+00 5.170435905456542969e-01 2.661531977355480194e-02 0.000000000000000000e+00
1.685153007507324219e+00 1.234518766403198242e+00 0.000000000000000000e+00 5.716660022735595703e-01 5.894903540611267090e-01 0.000000000000000000e+00
8.978099226951599121e-01 1.273837208747863770e+00 0.000000000000000000e+00 0.000000000000000000e+00 3.363935649394989014e-01 0.000000000000000000e+00
1.316863059997558594e+00 1.661859750747680664e+00 0.000000000000000000e+00 4.059545099735260010e-01 8.576636016368865967e-02 0.000000000000000000e+00
8.110965490341186523e-01 1.138053774833679199e+00 0.000000000000000000e+00 0.000000000000000000e+00 2.974056005477905273e-01 0.000000000000000000e+00
1.443767309188842773e+00 5.925034880638122559e-01 0.000000000000000000e+00 1.231322050094604492e+00 7.921608090400695801e-01 0.000000000000000000e+00
1.750547885894775391e+00 9.464008808135986328e-01 0.000000000000000000e+00 3.336284458637237549e-01 3.945458829402923584e-01 0.000000000000000000e+00
1.235753536224365234e+00 4.745018780231475830e-01 0.000000000000000000e+00 1.687146782875061035e+00 6.557812690734863281e-01 0.000000000000000000e+00
1.327700853347778320e+00 4.992169439792633057e-01 0.000000000000000000e+00 1.360136628150939941e+00 8.063370585441589355e-01 0.000000000000000000e+00
1.773333549499511719e+00 5.723077058792114258e-01 0.000000000000000000e+00 6.385368704795837402e-01 8.939668536186218262e-01 0.000000000000000000e+00
1.470550775527954102e+00 9.533328413963317871e-01 0.000000000000000000e+00 2.047154903411865234e-01 2.531765997409820557e-01 0.000000000000000000e+00
1.599248170852661133e+00 9.554423093795776367e-01 0.000000000000000000e+00 2.695637643337249756e-01 1.799579411745071411e-01 0.000000000000000000e+00
1.250401973724365234e+00 1.444262981414794922e+00 0.000000000000000000e+00 1.753115355968475342e-01 5.751509666442871094e-01 0.000000000000000000e+00
1.835289001464843750e+00 9.280352592468261719e-01 0.000000000000000000e+00 2.956278920173645020e-01 4.123632013797760010e-01 0.000000000000000000e+00
0.000000000000000000e+00 1.040430784225463867e+00 0.000000000000000000e+00 9.178254008293151855e-02 7.318552136421203613e-01 0.000000000000000000e+00
1.200220823287963867e+00 1.367298245429992676e+00 0.000000000000000000e+00 3.738925158977508545e-01 5.948164314031600952e-02 0.000000000000000000e+00
7.038307189941406250e-01 6.175431609153747559e-01 0.000000000000000000e+00 1.483718037605285645e+00 1.034089565277099609e+00 0.000000000000000000e+00
1.721473217010498047e+00 6.838131546974182129e-01 0.000000000000000000e+00 6.657664179801940918e-01 9.468407630920410156e-01 0.000000000000000000e+00
1.303852558135986328e+00 1.721209049224853516e+00 0.000000000000000000e+00 1.705565810203552246e+00 2.398402452468872070e+00 0.000000000000000000e+00
1.290598034858703613e+00 4.644804894924163818e-01 0.000000000000000000e+00 1.376399517059326172e+00 5.717911720275878906e-01 0.000000000000000000e+00
1.352352738380432129e+00 6.506838202476501465e-01 0.000000000000000000e+00 1.439973950386047363e+00 8.268917798995971680e-01 0.000000000000000000e+00
1.191673517227172852e+00 1.869493842124938965e+00 0.000000000000000000e+00 1.589884012937545776e-01 6.740708351135253906e-01 0.000000000000000000e+00
1.041150212287902832e+00 2.620329558849334717e-01 0.000000000000000000e+00 1.747756123542785645e+00 6.227602362632751465e-01 0.000000000000000000e+00
1.909067332744598389e-01 1.640270709991455078e+00 0.000000000000000000e+00 4.539443552494049072e-01 9.444634318351745605e-01 0.000000000000000000e+00
1.168250679969787598e+00 7.349576354026794434e-01 0.000000000000000000e+00 1.005493640899658203e+00 1.180402755737304688e+00 0.000000000000000000e+00
9.873780608177185059e-01 3.112374246120452881e-02 0.000000000000000000e+00 1.534874200820922852e+00 7.485598921775817871e-01 0.000000000000000000e+00
8.316448330879211426e-01 2.981122732162475586e-01 0.000000000000000000e+00 1.588653206825256348e+00 9.459151029586791992e-01 0.000000000000000000e+00
1.234934687614440918e+00 3.755265474319458008e-01 0.000000000000000000e+00 1.599024295806884766e+00 7.009879350662231445e-01 0.000000000000000000e+00
1.535647869110107422e+00 5.668942928314208984e-01 0.000000000000000000e+00 6.391566395759582520e-01 1.043426036834716797e+00 0.000000000000000000e+00
0.000000000000000000e+00 9.262329936027526855e-01 0.000000000000000000e+00 1.799709796905517578e+00 8.748018145561218262e-01 0.000000000000000000e+00
5.215698038227856159e-04 9.902865886688232422e-01 0.000000000000000000e+00 1.617407083511352539e+00 1.049234390258789062e+00 0.000000000000000000e+00
1.441334724426269531e+00 9.441115856170654297e-01 0.000000000000000000e+00 1.849984675645828247e-01 3.068692684173583984e-01 0.000000000000000000e+00
1.276033878326416016e+00 1.194159269332885742e+00 0.000000000000000000e+00 4.181991517543792725e-01 0.000000000000000000e+00 0.000000000000000000e+00
1.475744843482971191e+00 5.738790035247802734e-01 0.000000000000000000e+00 1.471218347549438477e+00 8.230892419815063477e-01 0.000000000000000000e+00
1.513241052627563477e+00 4.914842247962951660e-01 0.000000000000000000e+00 7.322731018066406250e-01 9.190701842308044434e-01 0.000000000000000000e+00
7.766232490539550781e-01 1.171851277351379395e+00 0.000000000000000000e+00 3.959864079952239990e-01 1.439763545989990234e+00 0.000000000000000000e+00
0.000000000000000000e+00 9.157010912895202637e-01 0.000000000000000000e+00 2.820053137838840485e-02 8.499835133552551270e-01 0.000000000000000000e+00
1.167508214712142944e-01 1.213945031166076660e+00 0.000000000000000000e+00 1.405422210693359375e+00 4.204298853874206543e-01 0.000000000000000000e+00
8.728842139244079590e-01 1.150528550148010254e+00 0.000000000000000000e+00 0.000000000000000000e+00 2.511617839336395264e-01 0.000000000000000000e+00
4.352634027600288391e-02 1.355704188346862793e+00 0.000000000000000000e+00 3.105207979679107666e-01 3.565583825111389160e-01 0.000000000000000000e+00
1.945632696151733398e+00 4.678583145141601562e-01 0.000000000000000000e+00 5.716955065727233887e-01 1.353580117225646973e+00 0.000000000000000000e+00
1.174881219863891602e+00 1.106601119041442871e+00 0.000000000000000000e+00 3.591922521591186523e-01 8.450147509574890137e-02 0.000000000000000000e+00
1.770474314689636230e+00 7.105013728141784668e-01 0.000000000000000000e+00 5.427287220954895020e-01 1.012160062789916992e+00 0.000000000000000000e+00
2.780715227127075195e-01 9.713629484176635742e-01 0.000000000000000000e+00 1.412161827087402344e+00 1.740328073501586914e+00 0.000000000000000000e+00
2.157338112592697144e-01 1.522227406501770020e+00 0.000000000000000000e+00 2.755274176597595215e-01 6.157447099685668945e-01 0.000000000000000000e+00
1.392037034034729004e+00 7.095425128936767578e-01 0.000000000000000000e+00 3.649109899997711182e-01 3.852467238903045654e-01 0.000000000000000000e+00
1.849413514137268066e+00 6.956886649131774902e-01 0.000000000000000000e+00 4.890178740024566650e-01 1.155264258384704590e+00 0.000000000000000000e+00
9.991251826286315918e-01 1.243963956832885742e+00 0.000000000000000000e+00 2.687726318836212158e-01 2.274104654788970947e-01 0.000000000000000000e+00
1.207004070281982422e+00 1.663753628730773926e+00 0.000000000000000000e+00 4.262722730636596680e-01 2.536047399044036865e-01 0.000000000000000000e+00
1.148602247238159180e+00 5.112167596817016602e-01 0.000000000000000000e+00 1.579326391220092773e+00 6.028770208358764648e-01 0.000000000000000000e+00
1.249219536781311035e+00 5.530887842178344727e-01 0.000000000000000000e+00 5.715810880064964294e-02 1.702054738998413086e+00 0.000000000000000000e+00
2.533773705363273621e-02 1.315356731414794922e+00 0.000000000000000000e+00 3.090539276599884033e-01 3.135370612144470215e-01 0.000000000000000000e+00
0.000000000000000000e+00 9.512996673583984375e-01 0.000000000000000000e+00 1.639293432235717773e+00 1.098478913307189941e+00 0.000000000000000000e+00
1.673918604850769043e+00 6.810980439186096191e-01 0.000000000000000000e+00 6.641259193420410156e-01 7.503009438514709473e-01 0.000000000000000000e+00
1.187719032168388367e-01 1.493261575698852539e+00 0.000000000000000000e+00 5.765907764434814453e-01 3.499720096588134766e-01 0.000000000000000000e+00
5.298528075218200684e-02 1.238164782524108887e+00 0.000000000000000000e+00 1.236207008361816406e+00 9.963315129280090332e-01 0.000000000000000000e+00
1.783130049705505371e+00 1.245719552040100098e+00 0.000000000000000000e+00 3.231935501098632812e-01 2.974702119827270508e-01 0.000000000000000000e+00
1.136664748191833496e+00 7.391632795333862305e-01 0.000000000000000000e+00 9.841622710227966309e-01 1.073927402496337891e+00 0.000000000000000000e+00
1.286281228065490723e+00 2.509024739265441895e-01 0.000000000000000000e+00 1.641826987266540527e+00 6.273283362388610840e-01 0.000000000000000000e+00
1.644058704376220703e+00 1.080136299133300781e+00 0.000000000000000000e+00 2.681548297405242920e-01 3.663823604583740234e-01 0.000000000000000000e+00
2.977292835712432861e-01 1.569939613342285156e+00 0.000000000000000000e+00 4.233176112174987793e-01 1.685753017663955688e-01 0.000000000000000000e+00
2.039833545684814453e+00 5.016195774078369141e-01 0.000000000000000000e+00 1.132934764027595520e-01 1.207057833671569824e+00 0.000000000000000000e+00
1.052973866462707520e+00 2.215409651398658752e-02 0.000000000000000000e+00 1.406470060348510742e+00 7.023771405220031738e-01 0.000000000000000000e+00
1.539784431457519531e+00 4.985838830471038818e-01 0.000000000000000000e+00 6.646377444267272949e-01 1.036973237991333008e+00 0.000000000000000000e+00
0.000000000000000000e+00 9.487383961677551270e-01 0.000000000000000000e+00 1.491108775138854980e+00 7.741200923919677734e-01 0.000000000000000000e+00
3.023686707019805908e-01 1.308268189430236816e+00 0.000000000000000000e+00 1.961504220962524414e-01 1.265026092529296875e+00 0.000000000000000000e+00
1.915217787027359009e-01 1.197186946868896484e+00 0.000000000000000000e+00 1.759066820144653320e+00 5.927296876907348633e-01 0.000000000000000000e+00
1.416134953498840332e+00 9.508742690086364746e-01 0.000000000000000000e+00 5.900498032569885254e-01 8.377823829650878906e-01 0.000000000000000000e+00
1.246750116348266602e+00 1.583679676055908203e+00 0.000000000000000000e+00 3.872878253459930420e-01 2.141250222921371460e-01 0.000000000000000000e+00
2.424266338348388672e-01 1.603753447532653809e+00 0.000000000000000000e+00 4.027700722217559814e-01 3.009402453899383545e-01 0.000000000000000000e+00
1.417569398880004883e+00 5.262157917022705078e-01 0.000000000000000000e+00 1.640811204910278320e+00 6.915630102157592773e-01 0.000000000000000000e+00
1.340640544891357422e+00 3.466162085533142090e-01 0.000000000000000000e+00 1.509004712104797363e+00 6.364868879318237305e-01 0.000000000000000000e+00
8.265051841735839844e-01 9.255321621894836426e-01 0.000000000000000000e+00 0.000000000000000000e+00 4.302451014518737793e-01 0.000000000000000000e+00
1.484524488449096680e+00 9.136981964111328125e-01 0.000000000000000000e+00 5.574290156364440918e-01 5.467274785041809082e-01 0.000000000000000000e+00
1.053398609161376953e+00 6.559960246086120605e-01 0.000000000000000000e+00 9.401376843452453613e-01 1.048508167266845703e+00 0.000000000000000000e+00
0.000000000000000000e+00 1.028248310089111328e+00 0.000000000000000000e+00 1.761069059371948242e+00 7.816135287284851074e-01 0.000000000000000000e+00
4.338882490992546082e-02 1.073028802871704102e+00 0.000000000000000000e+00 1.791091322898864746e+00 9.046313166618347168e-01 0.000000000000000000e+00
1.546821713447570801e+00 1.381813764572143555e+00 0.000000000000000000e+00 1.202761195600032806e-02 7.936704158782958984e-01 0.000000000000000000e+00
7.056620717048645020e-01 2.177320420742034912e-01 0.000000000000000000e+00 1.424964785575866699e+00 8.531096577644348145e-01 0.000000000000000000e+00
1.950668692588806152e+00 7.348048090934753418e-01 0.000000000000000000e+00 3.347233533859252930e-01 3.583329916000366211e-01 0.000000000000000000e+00
1.217665553092956543e+00 1.493626117706298828e+00 0.000000000000000000e+00 4.519968628883361816e-01 1.749388575553894043e-01 0.000000000000000000e+00
1.948656439781188965e-01 1.634728312492370605e+00 0.000000000000000000e+00 6.047273278236389160e-01 3.747549653053283691e-01 0.000000000000000000e+00
0.000000000000000000e+00 1.126969933509826660e+00 0.000000000000000000e+00 1.754452705383300781e+00 1.037484407424926758e+00 0.000000000000000000e+00
1.385773658752441406e+00 3.647451400756835938e-01 0.000000000000000000e+00 1.517832517623901367e+00 7.014578580856323242e-01 0.000000000000000000e+00
8.819345831871032715e-01 1.410720109939575195e+00 0.000000000000000000e+00 1.536993741989135742e+00 5.337811112403869629e-01 0.000000000000000000e+00
5.625548213720321655e-02 9.502803087234497070e-01 0.000000000000000000e+00 1.505578398704528809e+00 1.100433230400085449e+00 0.000000000000000000e+00
1.635896205902099609e+00 1.340969800949096680e+00 0.000000000000000000e+00 2.288883477449417114e-01 3.011209666728973389e-01 0.000000000000000000e+00
1.172020360827445984e-01 1.128405928611755371e+00 0.000000000000000000e+00 1.406679272651672363e+00 1.155631065368652344e+00 0.000000000000000000e+00
1.011690616607666016e+00 1.280848503112792969e+00 0.000000000000000000e+00 1.504786491394042969e+00 7.115008831024169922e-01 0.000000000000000000e+00
1.250530838966369629e+00 4.031417071819305420e-01 0.000000000000000000e+00 1.605908513069152832e+00 6.161779761314392090e-01 0.000000000000000000e+00
3.447949886322021484e-01 2.022646188735961914e+00 0.000000000000000000e+00 4.197759628295898438e-01 1.223453283309936523e+00 0.000000000000000000e+00
9.255823493003845215e-02 1.631223678588867188e+00 0.000000000000000000e+00 2.729562222957611084e-01 3.396748602390289307e-01 0.000000000000000000e+00
1.366416454315185547e+00 6.707226037979125977e-01 0.000000000000000000e+00 1.111771106719970703e+00 5.296896696090698242e-01 0.000000000000000000e+00
1.141980171203613281e+00 5.222094655036926270e-01 0.000000000000000000e+00 1.687335848808288574e+00 8.906902670860290527e-01 0.000000000000000000e+00
1.986974835395812988e+00 5.876205563545227051e-01 0.000000000000000000e+00 0.000000000000000000e+00 1.792889714241027832e+00 0.000000000000000000e+00
1.227112412452697754e+00 7.586413621902465820e-01 0.000000000000000000e+00 1.354950428009033203e+00 8.140316009521484375e-01 0.000000000000000000e+00
1.215463161468505859e+00 1.594098091125488281e+00 0.000000000000000000e+00 1.151631698012351990e-01 8.645642399787902832e-01 0.000000000000000000e+00
1.096956372261047363e+00 7.320697885006666183e-03 0.000000000000000000e+00 1.454273343086242676e+00 7.870962619781494141e-01 0.000000000000000000e+00
2.575220465660095215e-01 1.559456586837768555e+00 0.000000000000000000e+00 1.797722578048706055e+00 1.046227812767028809e+00 0.000000000000000000e+00
1.715592026710510254e+00 4.743418991565704346e-01 0.000000000000000000e+00 6.553621888160705566e-01 1.105273842811584473e+00 0.000000000000000000e+00
8.102761507034301758e-01 2.285152524709701538e-01 0.000000000000000000e+00 1.448962926864624023e+00 9.949222207069396973e-01 0.000000000000000000e+00
1.203684568405151367e+00 2.758820652961730957e-01 0.000000000000000000e+00 1.479031324386596680e+00 6.498730182647705078e-01 0.000000000000000000e+00
1.003404378890991211e+00 1.168900281190872192e-01 0.000000000000000000e+00 1.565122485160827637e+00 7.877377271652221680e-01 0.000000000000000000e+00
2.393080890178680420e-01 1.715425133705139160e+00 0.000000000000000000e+00 4.827988147735595703e-01 3.106552958488464355e-01 0.000000000000000000e+00
1.358141422271728516e+00 4.454089105129241943e-01 0.000000000000000000e+00 1.386882901191711426e+00 9.162366390228271484e-01 0.000000000000000000e+00
8.318319916725158691e-01 1.292264103889465332e+00 0.000000000000000000e+00 1.306249618530273438e+00 4.553688466548919678e-01 0.000000000000000000e+00
4.912059903144836426e-01 2.136303663253784180e+00 0.000000000000000000e+00 6.970087885856628418e-01 3.099050819873809814e-01 0.000000000000000000e+00
2.653685808181762695e-01 1.807042002677917480e+00 0.000000000000000000e+00 4.503003358840942383e-01 3.144655525684356689e-01 0.000000000000000000e+00
1.303040623664855957e+00 4.386459887027740479e-01 0.000000000000000000e+00 1.378632426261901855e+00 6.514959931373596191e-01 0.000000000000000000e+00
1.836673617362976074e-01 1.297593712806701660e+00 0.000000000000000000e+00 1.785353660583496094e+00 1.230756640434265137e+00 0.000000000000000000e+00
4.624110758304595947e-01 1.735336065292358398e+00 0.000000000000000000e+00 6.756556630134582520e-01 2.888901904225349426e-02 0.000000000000000000e+00
2.310199737548828125e-01 1.495228886604309082e+00 0.000000000000000000e+00 1.857985258102416992e+00 8.116918802261352539e-01 0.000000000000000000e+00
1.558443903923034668e-01 1.426426529884338379e+00 0.000000000000000000e+00 3.651266694068908691e-01 3.012519776821136475e-01 0.000000000000000000e+00
1.694922804832458496e+00 7.067698836326599121e-01 0.000000000000000000e+00 7.685849070549011230e-01 9.440707564353942871e-01 0.000000000000000000e+00
1.763945817947387695e+00 5.307364463806152344e-01 0.000000000000000000e+00 7.783398628234863281e-01 1.057221770286560059e+00 0.000000000000000000e+00
4.959740340709686279e-01 2.099144220352172852e+00 0.000000000000000000e+00 7.467793822288513184e-01 2.502587437629699707e-01 0.000000000000000000e+00
1.262843728065490723e+00 3.428360223770141602e-01 0.000000000000000000e+00 8.770349435508251190e-03 1.931186914443969727e+00 0.000000000000000000e+00
0.000000000000000000e+00 1.043313384056091309e+00 0.000000000000000000e+00 1.838891386985778809e+00 7.144655585289001465e-01 0.000000000000000000e+00
1.222248196601867676e+00 7.211958765983581543e-01 0.000000000000000000e+00 1.477489590644836426e+00 7.756580710411071777e-01 0.000000000000000000e+00
1.157032251358032227e+00 6.528493762016296387e-01 0.000000000000000000e+00 1.773948669433593750e-01 1.561708927154541016e+00 0.000000000000000000e+00
1.131048798561096191e+00 9.789819121360778809e-01 0.000000000000000000e+00 6.328254938125610352e-01 3.376549482345581055e-01 0.000000000000000000e+00
1.436010122299194336e+00 4.698851704597473145e-01 0.000000000000000000e+00 7.263651490211486816e-01 8.944708108901977539e-01 0.000000000000000000e+00
1.412175416946411133e+00 8.748697638511657715e-01 0.000000000000000000e+00 1.586490571498870850e-01 2.864593267440795898e-01 0.000000000000000000e+00
1.443604469299316406e+00 1.043569922447204590e+00 0.000000000000000000e+00 1.615839153528213501e-01 2.531968057155609131e-01 0.000000000000000000e+00
5.425961017608642578e-01 2.252796173095703125e+00 0.000000000000000000e+00 1.837585210800170898e+00 1.353268980979919434e+00 0.000000000000000000e+00
1.984764635562896729e-01 1.679192066192626953e+00 0.000000000000000000e+00 3.566582500934600830e-01 7.512471079826354980e-01 0.000000000000000000e+00
1.799267768859863281e+00 7.068877816200256348e-01 0.000000000000000000e+00 6.058297157287597656e-01 7.516162395477294922e-01 0.000000000000000000e+00
1.609447121620178223e+00 9.964435100555419922e-01 0.000000000000000000e+00 2.067424058914184570e-01 2.212237417697906494e-01 0.000000000000000000e+00
1.364879488945007324e+00 6.502309441566467285e-01 0.000000000000000000e+00 1.055697441101074219e+00 5.736991763114929199e-01 0.000000000000000000e+00
1.606194853782653809e+00 4.804051518440246582e-01 0.000000000000000000e+00 7.586262822151184082e-01 9.362460374832153320e-01 0.000000000000000000e+00
1.656323313713073730e+00 9.738995432853698730e-01 0.000000000000000000e+00 2.181122303009033203e-01 2.643972933292388916e-01 0.000000000000000000e+00
1.043731808662414551e+00 2.687197327613830566e-01 0.000000000000000000e+00 1.532137870788574219e+00 8.363150954246520996e-01 0.000000000000000000e+00
3.005077242851257324e-01 1.671467661857604980e+00 0.000000000000000000e+00 4.186211526393890381e-01 2.843694090843200684e-01 0.000000000000000000e+00
1.910977840423583984e+00 6.072695255279541016e-01 0.000000000000000000e+00 6.999783515930175781e-01 1.127936601638793945e+00 0.000000000000000000e+00
5.205949768424034119e-02 1.524100899696350098e+00 0.000000000000000000e+00 2.705872356891632080e-01 4.111275374889373779e-01 0.000000000000000000e+00
1.392532110214233398e+00 6.684910655021667480e-01 0.000000000000000000e+00 1.480380415916442871e+00 8.321830034255981445e-01 0.000000000000000000e+00
1.386342287063598633e+00 4.884555339813232422e-01 0.000000000000000000e+00 1.473132371902465820e+00 7.105762362480163574e-01 0.000000000000000000e+00
1.460222482681274414e+00 3.289135396480560303e-01 0.000000000000000000e+00 1.193057775497436523e+00 1.013471841812133789e+00 0.000000000000000000e+00
1.480586409568786621e+00 1.273998618125915527e+00 0.000000000000000000e+00 3.392494097352027893e-02 7.101641297340393066e-01 0.000000000000000000e+00
6.623822450637817383e-01 0.000000000000000000e+00 0.000000000000000000e+00 1.222224235534667969e+00 8.039537072181701660e-01 0.000000000000000000e+00
1.683620572090148926e+00 4.288505315780639648e-01 0.000000000000000000e+00 7.388970851898193359e-01 1.109024524688720703e+00 0.000000000000000000e+00
1.681960105895996094e+00 5.422803759574890137e-01 0.000000000000000000e+00 6.195457577705383301e-01 1.051971316337585449e+00 0.000000000000000000e+00
1.176407098770141602e+00 6.536290049552917480e-01 0.000000000000000000e+00 1.012385129928588867e+00 1.163406252861022949e+00 0.000000000000000000e+00
1.937391400337219238e+00 2.868053317070007324e-01 0.000000000000000000e+00 5.186294913291931152e-01 5.662308335304260254e-01 0.000000000000000000e+00
1.446967244148254395e+00 2.928360998630523682e-01 0.000000000000000000e+00 1.559978961944580078e+00 6.958205103874206543e-01 0.000000000000000000e+00
1.483163237571716309e+00 2.284064441919326782e-01 0.000000000000000000e+00 1.292318463325500488e+00 9.966374039649963379e-01 0.000000000000000000e+00
0.000000000000000000e+00 7.096852064132690430e-01 0.000000000000000000e+00 1.433209419250488281e+00 7.141777276992797852e-01 0.000000000000000000e+00
2.484290301799774170e-01 1.006248593330383301e+00 0.000000000000000000e+00 1.498565196990966797e+00 1.876972198486328125e+00 0.000000000000000000e+00
7.860691547393798828e-01 1.052317142486572266e+00 0.000000000000000000e+00 1.438361763954162598e+00 1.626979112625122070e+00 0.000000000000000000e+00
0.000000000000000000e+00 1.117031216621398926e+00 0.000000000000000000e+00 1.082835078239440918e+00 4.448156654834747314e-01 0.000000000000000000e+00
6.544873714447021484e-01 1.295829892158508301e+00 0.000000000000000000e+00 1.975461125373840332e+00 0.000000000000000000e+00 0.000000000000000000e+00
1.396046996116638184e+00 4.546959996223449707e-01 0.000000000000000000e+00 1.611717343330383301e+00 7.123216986656188965e-01 0.000000000000000000e+00
2.814404070377349854e-01 1.550587773323059082e+00 0.000000000000000000e+00 2.835864722728729248e-01 9.463546276092529297e-01 0.000000000000000000e+00
0.000000000000000000e+00 9.179050326347351074e-01 0.000000000000000000e+00 1.739174246788024902e+00 8.347089290618896484e-01 0.000000000000000000e+00
7.872159481048583984e-01 1.366366624832153320e+00 0.000000000000000000e+00 1.503745079040527344e+00 4.917876720428466797e-01 0.000000000000000000e+00
1.323478817939758301e+00 5.294035077095031738e-01 0.000000000000000000e+00 1.439365863800048828e+00 7.567725181579589844e-01 0.000000000000000000e+00
0.000000000000000000e+00 1.126969933509826660e+00 0.000000000000000000e+00 1.754452705383300781e+00 1.037484407424926758e+00 0.000000000000000000e+00
8.900149464607238770e-01 0.000000000000000000e+00 0.000000000000000000e+00 1.339574337005615234e+00 7.978030443191528320e-01 0.000000000000000000e+00
1.468153834342956543e+00 1.197134852409362793e+00 0.000000000000000000e+00 1.964114457368850708e-01 3.132016956806182861e-01 0.000000000000000000e+00
1.656759619712829590e+00 5.476934313774108887e-01 0.000000000000000000e+00 7.146056294441223145e-01 9.749892950057983398e-01 0.000000000000000000e+00
1.785411477088928223e+00 3.174003064632415771e-01 0.000000000000000000e+00 5.391591787338256836e-01 4.636024832725524902e-01 0.000000000000000000e+00
1.214874505996704102e+00 7.695440649986267090e-01 0.000000000000000000e+00 2.088505625724792480e-01 1.472841382026672363e+00 0.000000000000000000e+00
1.429425716400146484e+00 1.046360731124877930e+00 0.000000000000000000e+00 1.690876036882400513e-01 2.588952481746673584e-01 0.000000000000000000e+00
1.498043179512023926e+00 2.273511439561843872e-01 0.000000000000000000e+00 1.482023596763610840e+00 8.289920091629028320e-01 0.000000000000000000e+00
1.407977104187011719e+00 3.288607001304626465e-01 0.000000000000000000e+00 1.330360174179077148e+00 7.928708791732788086e-01 0.000000000000000000e+00
1.282615661621093750e+00 8.195088505744934082e-01 0.000000000000000000e+00 1.499800443649291992e+00 7.033905982971191406e-01 0.000000000000000000e+00
1.235477209091186523e+00 1.078241229057312012e+00 0.000000000000000000e+00 1.458545774221420288e-01 3.567219972610473633e-01 0.000000000000000000e+00
8.161301612854003906e-01 1.332340121269226074e+00 0.000000000000000000e+00 1.373527169227600098e+00 5.006707906723022461e-01 0.000000000000000000e+00
1.646262049674987793e+00 5.005409717559814453e-01 0.000000000000000000e+00 5.490655899047851562e-01 1.095278143882751465e+00 0.000000000000000000e+00
1.420815825462341309e+00 5.503213405609130859e-01 0.000000000000000000e+00 1.460081458091735840e+00 9.221789240837097168e-01 0.000000000000000000e+00
1.331731379032135010e-01 1.348846197128295898e+00 0.000000000000000000e+00 3.254573643207550049e-01 2.886206507682800293e-01 0.000000000000000000e+00
2.103463411331176758e-01 1.622250795364379883e+00 0.000000000000000000e+00 3.934988677501678467e-01 1.048032641410827637e-01 0.000000000000000000e+00
1.874302268028259277e+00 4.372811317443847656e-01 0.000000000000000000e+00 5.106014609336853027e-01 1.178767085075378418e+00 0.000000000000000000e+00
1.415930867195129395e+00 6.110680699348449707e-01 0.000000000000000000e+00 1.298868894577026367e+00 7.124277353286743164e-01 0.000000000000000000e+00
1.272598028182983398e+00 1.719191074371337891e+00 0.000000000000000000e+00 3.407331109046936035e-01 4.592206478118896484e-01 0.000000000000000000e+00
1.055058598518371582e+00 3.071800768375396729e-01 0.000000000000000000e+00 1.749193072319030762e+00 6.001114249229431152e-01 0.000000000000000000e+00
1.141431033611297607e-01 1.510400891304016113e+00 0.000000000000000000e+00 2.953484058380126953e-01 6.087939739227294922e-01 0.000000000000000000e+00
8.270106911659240723e-01 1.154222607612609863e+00 0.000000000000000000e+00 1.962099552154541016e+00 0.000000000000000000e+00 0.000000000000000000e+00
1.546464800834655762e+00 1.055219173431396484e+00 0.000000000000000000e+00 1.294595301151275635e-01 2.279567271471023560e-01 0.000000000000000000e+00
8.904783725738525391e-01 1.551019191741943359e+00 0.000000000000000000e+00 1.581534266471862793e+00 4.725441932678222656e-01 0.000000000000000000e+00
1.678353428840637207e+00 1.249732613563537598e+00 0.000000000000000000e+00 2.457932978868484497e-01 3.182348608970642090e-01 0.000000000000000000e+00
5.633570253849029541e-02 9.600592851638793945e-01 0.000000000000000000e+00 1.610309362411499023e+00 1.253187179565429688e+00 0.000000000000000000e+00
1.242373108863830566e+00 5.821363329887390137e-01 0.000000000000000000e+00 2.215352207422256470e-01 1.636159420013427734e+00 0.000000000000000000e+00
1.253773808479309082e+00 5.678446292877197266e-01 0.000000000000000000e+00 1.452103018760681152e+00 6.106219291687011719e-01 0.000000000000000000e+00
2.564275562763214111e-01 4.994738996028900146e-01 0.000000000000000000e+00 1.110417604446411133e+00 1.705052256584167480e+00 0.000000000000000000e+00
5.624527484178543091e-02 6.525384783744812012e-01 0.000000000000000000e+00 1.509054183959960938e+00 1.553142547607421875e+00 0.000000000000000000e+00
2.369011789560317993e-01 1.709773659706115723e+00 0.000000000000000000e+00 3.942902386188507080e-01 4.444960951805114746e-01 0.000000000000000000e+00
1.430781364440917969e+00 1.308749198913574219e+00 0.000000000000000000e+00 4.479956328868865967e-01 0.000000000000000000e+00 0.000000000000000000e+00
1.361163139343261719e+00 5.188657641410827637e-01 0.000000000000000000e+00 1.681674838066101074e+00 6.451817750930786133e-01 0.000000000000000000e+00
1.166351914405822754e+00 5.836874246597290039e-01 0.000000000000000000e+00 1.625667572021484375e+00 6.045567393302917480e-01 0.000000000000000000e+00
1.299307465553283691e+00 5.139707922935485840e-01 0.000000000000000000e+00 1.695212006568908691e+00 6.572486162185668945e-01 0.000000000000000000e+00
1.386688798666000366e-01 1.275334119796752930e+00 0.000000000000000000e+00 1.500671744346618652e+00 1.126174926757812500e+00 0.000000000000000000e+00
1.441264748573303223e-01 1.467860579490661621e+00 0.000000000000000000e+00 3.950288593769073486e-01 2.322502434253692627e-01 0.000000000000000000e+00
1.343043804168701172e+00 1.183202385902404785e+00 0.000000000000000000e+00 2.057987153530120850e-01 2.286014109849929810e-01 0.000000000000000000e+00
5.607014521956443787e-03 1.005172729492187500e+00 0.000000000000000000e+00 1.030694961547851562e+00 1.128339052200317383e+00 0.000000000000000000e+00
1.203684568405151367e+00 2.758820652961730957e-01 0.000000000000000000e+00 1.479031324386596680e+00 6.498730182647705078e-01 0.000000000000000000e+00
1.400992393493652344e+00 1.025654315948486328e+00 0.000000000000000000e+00 1.499686002731323242e+00 5.555890798568725586e-01 0.000000000000000000e+00
1.763775646686553955e-01 1.412845253944396973e+00 0.000000000000000000e+00 1.574586182832717896e-01 1.006815075874328613e+00 0.000000000000000000e+00
0.000000000000000000e+00 1.045448899269104004e+00 0.000000000000000000e+00 1.587380290031433105e+00 9.813190698623657227e-01 0.000000000000000000e+00
2.014333248138427734e+00 6.456683278083801270e-01 0.000000000000000000e+00 1.154361814260482788e-01 1.534648060798645020e+00 0.000000000000000000e+00
1.554062485694885254e+00 1.189113974571228027e+00 0.000000000000000000e+00 5.454354882240295410e-01 1.051566720008850098e+00 0.000000000000000000e+00
1.267357826232910156e+00 6.531147956848144531e-01 0.000000000000000000e+00 1.303235530853271484e+00 5.845051407814025879e-01 0.000000000000000000e+00
8.283026516437530518e-03 1.145382165908813477e+00 0.000000000000000000e+00 1.250252366065979004e+00 7.219233512878417969e-01 0.000000000000000000e+00
1.807817459106445312e+00 5.771047472953796387e-01 0.000000000000000000e+00 6.424999237060546875e-01 7.014383077621459961e-01 0.000000000000000000e+00
1.120222568511962891e+00 7.041658163070678711e-01 0.000000000000000000e+00 9.743656516075134277e-01 1.173115491867065430e+00 0.000000000000000000e+00
1.200512051582336426e+00 5.829991102218627930e-01 0.000000000000000000e+00 1.598055958747863770e-01 1.702085137367248535e+00 0.000000000000000000e+00
1.170301079750061035e+00 1.829436898231506348e+00 0.000000000000000000e+00 2.385503202676773071e-01 5.454333424568176270e-01 0.000000000000000000e+00
1.769276618957519531e+00 5.530720353126525879e-01 0.000000000000000000e+00 6.105281710624694824e-01 9.037030339241027832e-01 0.000000000000000000e+00
6.618679165840148926e-01 1.139533638954162598e+00 0.000000000000000000e+00 2.503134682774543762e-02 7.389979064464569092e-02 0.000000000000000000e+00
8.243759870529174805e-01 2.298471629619598389e-01 0.000000000000000000e+00 1.416913866996765137e+00 1.023729562759399414e+00 0.000000000000000000e+00
1.219785690307617188e+00 5.386486276984214783e-02 0.000000000000000000e+00 1.485480308532714844e+00 6.139480471611022949e-01 0.000000000000000000e+00
1.186968684196472168e+00 1.308371901512145996e+00 0.000000000000000000e+00 1.963239610195159912e-01 2.500190734863281250e-01 0.000000000000000000e+00
1.397103548049926758e+00 4.254222810268402100e-01 0.000000000000000000e+00 1.448232054710388184e+00 5.983145236968994141e-01 0.000000000000000000e+00
1.623730659484863281e+00 1.080789446830749512e+00 0.000000000000000000e+00 2.243754565715789795e-01 1.623420864343643188e-01 0.000000000000000000e+00
9.090227484703063965e-01 1.177723646163940430e+00 0.000000000000000000e+00 0.000000000000000000e+00 3.169331252574920654e-01 0.000000000000000000e+00
8.316628932952880859e-01 1.358777642250061035e+00 0.000000000000000000e+00 1.392408251762390137e+00 4.290333688259124756e-01 0.000000000000000000e+00
1.437243580818176270e+00 3.366286158561706543e-01 0.000000000000000000e+00 1.509984254837036133e+00 9.226872324943542480e-01 0.000000000000000000e+00
